/*--------------------------------*- C++ -*----------------------------------*\
  =========                 |
  \\      /  F ield         | OpenFOAM: The Open Source CFD Toolbox
   \\    /   O peration     | Website:  https://openfoam.org
    \\  /    A nd           | Version:  6
     \\/     M anipulation  |
\*---------------------------------------------------------------------------*/
FoamFile
{
    version     2.0;
    format      ascii;
    class       labelList;
    note        "nPoints:3211  nCells:2930  nFaces:8871  nInternalFaces:8038";
    location    "0.005/polyMesh";
    object      neighbour;
}
// * * * * * * * * * * * * * * * * * * * * * * * * * * * * * * * * * * * * * //


8038
(
55
314
315
61
79
320
321
322
51
102
120
1685
1686
1687
57
106
125
1691
1692
1693
63
110
331
1698
1699
1700
67
114
338
1706
1707
1708
71
118
132
346
347
348
75
126
143
1713
1714
1715
80
148
332
1719
1720
1721
85
339
358
1726
1727
1730
89
133
365
1734
1735
1736
93
139
155
1741
1742
1743
149
373
374
96
167
359
377
378
379
98
170
366
384
385
386
100
156
173
391
392
393
128
181
198
1748
1749
1750
185
203
334
1754
1755
1756
189
341
407
1761
1762
1765
135
193
414
1769
1770
1771
140
197
210
422
423
424
145
199
429
430
431
151
204
221
1776
1777
1778
225
361
408
1782
1783
1786
368
415
435
1790
1791
1792
158
211
442
1797
1798
1799
163
217
232
1804
1805
1806
168
226
243
450
451
452
171
245
436
457
458
459
174
248
443
464
465
466
177
233
251
471
472
473
179
240
254
477
478
206
263
481
482
483
258
265
410
488
489
490
260
268
417
495
496
497
213
262
273
502
503
504
228
266
281
510
511
512
269
283
438
1811
1812
1813
274
286
445
1818
1819
1820
235
278
291
1825
1826
1827
241
280
295
516
517
518
249
287
299
522
523
252
292
300
526
527
528
255
296
301
531
532
45
52
103
533
57
106
534
535
47
58
107
537
538
539
63
110
542
543
544
49
64
111
547
548
67
114
550
53
73
121
553
554
555
565
566
57
125
570
571
572
75
126
577
578
579
59
76
127
1832
1833
1834
588
589
61
79
593
594
595
600
601
602
63
331
1839
1840
1841
80
332
1846
1847
1848
65
81
333
1853
1854
1855
610
611
612
84
617
618
1860
1861
1862
67
338
622
623
624
85
339
1867
1868
1869
69
86
340
1874
1875
1876
635
636
637
71
132
642
643
89
133
1881
1882
1883
72
90
134
648
649
650
654
93
139
657
658
659
75
143
662
663
664
77
144
667
677
678
679
80
148
1888
1889
1890
149
684
685
686
82
95
150
691
692
693
698
699
700
1895
1896
1897
85
358
1902
1903
1904
96
359
713
714
715
87
97
360
1909
1910
1911
720
721
722
1916
1917
1918
89
365
1923
1924
1925
98
366
1930
1931
1932
91
99
367
735
736
737
1937
1938
1939
93
155
746
747
748
100
156
753
754
755
94
157
760
761
762
766
767
768
162
771
96
167
775
776
777
778
98
170
781
782
783
786
787
788
100
173
791
792
794
104
122
180
797
798
801
802
106
125
805
806
807
128
181
811
812
813
108
129
182
818
819
820
825
826
827
110
331
832
833
834
185
334
845
846
847
112
186
335
852
853
854
859
860
861
114
338
866
867
868
189
341
877
878
879
116
190
342
884
885
886
891
892
893
118
132
897
898
135
193
901
902
903
119
136
194
908
909
910
914
140
197
915
916
919
920
126
143
1944
1945
1946
128
198
1951
1952
1953
145
199
936
937
938
130
146
200
1958
1959
1960
1965
1966
1967
1972
1973
1974
148
332
1979
1980
1981
1986
1987
1988
203
334
1993
1994
1995
151
204
2000
2001
2002
152
205
336
2007
2008
2009
2014
2015
2016
340
2021
2022
2023
139
155
2028
2029
2030
342
2035
2036
2037
140
210
2042
2043
2044
158
211
344
2049
2050
2051
141
159
212
2056
2057
2058
2063
2064
2065
953
954
955
163
217
2070
2071
2072
164
218
966
967
968
2077
2078
2079
149
975
976
977
982
983
984
151
221
2084
2085
2086
153
166
222
994
995
996
2091
2092
2093
2098
2099
2100
167
359
2105
2106
2107
2112
2113
2114
225
361
2119
2120
2121
168
226
2126
2127
2128
169
227
363
2133
2134
2135
2140
2141
2142
367
2147
2148
2149
162
176
2154
2155
2156
369
2161
2162
2163
163
232
2168
2169
2170
177
233
371
2175
2176
2177
165
178
234
2182
2183
2184
1007
1008
1009
2189
2190
2191
239
1016
1017
1018
179
240
1023
1024
1025
168
243
1035
1036
1038
1039
1040
1044
1045
1046
171
245
1051
1052
1053
360
1058
1059
1060
363
1065
1066
1067
174
248
364
1072
1073
1074
367
1085
1086
1087
370
1092
1093
1094
177
251
371
1099
1100
1101
1111
1112
1115
1116
1117
179
254
1122
1123
1124
1127
1128
181
198
1129
1130
1133
1134
185
203
1138
1139
1140
206
1144
1145
187
207
257
1148
1149
1150
1157
1158
1159
189
407
1164
1165
1166
258
410
1171
1172
1173
191
259
411
1178
1179
1180
1185
1186
1187
193
414
1192
1193
1194
260
417
1199
1200
1201
195
261
418
1206
1207
1208
1213
1214
1215
197
210
1220
1221
1222
213
262
1226
1227
214
1230
1231
1233
1235
1236
1237
1242
1243
1244
204
221
2196
2197
2198
206
263
1251
1252
1253
208
223
264
2203
2204
2205
2210
2211
2212
2217
2218
2219
225
408
2224
2225
2226
2231
2232
2233
265
410
2238
2239
2240
228
266
2245
2246
2247
229
267
412
2252
2253
2254
2259
2260
2261
416
2266
2267
2268
217
232
2273
2274
2275
418
2280
2281
2282
219
277
1264
1265
1266
235
278
420
2287
2288
2289
220
236
279
2294
2295
2296
2301
2302
2303
239
1275
1276
1277
1282
1283
241
280
2308
2309
2310
2315
2316
2317
226
243
2322
2323
2324
228
281
2329
2330
2331
230
244
282
1308
1309
1310
2336
2337
2338
2343
2344
2345
245
436
2350
2351
2352
2357
2358
2359
283
438
2364
2365
2366
246
284
2371
2372
2373
247
285
440
2378
2379
2380
2385
2386
2387
444
2392
2393
2394
240
254
2399
2400
2401
446
2406
2407
2408
241
295
2413
2414
2415
255
296
448
2420
2421
2422
242
256
297
2427
2428
2429
1315
1316
1317
2434
2435
2436
2441
2442
2443
298
1334
1335
1336
1341
1342
246
1344
1346
1347
1348
1353
1354
249
299
1357
1358
1359
437
1364
1365
1366
440
1377
1378
1379
252
300
441
1384
1385
1386
444
1391
1392
1393
447
1404
1405
1406
255
301
448
1411
1412
1413
1418
1419
1420
1425
1426
1427
1432
1433
258
265
1437
1438
1439
260
268
1441
1442
1443
1446
1447
1448
262
273
1451
1452
1454
1455
266
281
1457
1458
1459
1463
1464
1465
1470
1471
1472
269
283
2448
2449
2450
411
2455
2456
2457
412
2462
2463
2464
274
286
413
2469
2470
2471
289
1493
1494
276
290
1498
1499
1500
418
1505
1506
1507
419
2476
2477
2478
278
291
420
2483
2484
2485
294
1519
1520
1521
1531
1532
2490
2491
2492
280
295
1536
1537
1538
1548
1549
1550
1554
1555
1556
284
1559
2497
2498
2499
1563
1564
1565
287
299
1570
1571
1572
439
2504
2505
2506
440
2511
2512
2513
292
300
441
2518
2519
2520
1587
1588
1589
294
1594
1595
1596
446
2525
2526
2527
447
2532
2533
2534
296
301
448
1612
1613
1614
1619
1620
1621
1641
1642
1643
1648
1649
1650
298
1655
1656
1669
1671
1672
1673
1674
1675
1678
1679
1680
303
304
583
587
599
585
603
558
590
604
307
308
606
609
1859
307
308
584
1860
607
1863
586
614
1864
310
628
634
608
630
639
312
670
676
559
672
680
316
317
318
697
704
1894
316
317
588
698
317
318
589
671
1895
701
591
702
1898
673
706
1899
323
324
325
719
726
1915
323
324
611
720
323
325
699
324
325
612
700
1916
723
615
724
1919
703
728
1920
328
329
741
743
1936
328
329
629
722
1937
631
742
1940
725
744
1941
918
924
929
2538
2539
2540
2545
2546
2547
339
358
2552
2553
2556
2559
2560
2561
341
407
2566
2567
2570
361
408
2573
2574
2577
343
362
409
2581
2582
2583
2587
2588
2589
2594
2595
2598
365
2601
2602
2603
2608
2609
2612
414
2615
2616
2617
368
415
2623
2624
2625
369
416
2629
2630
2633
349
350
351
942
952
2062
349
350
349
351
654
2015
2063
350
351
914
953
2016
656
943
2066
944
956
957
2019
2067
355
356
357
972
981
2076
355
356
925
2077
356
357
926
982
973
2080
928
985
2081
986
2636
2637
2640
2643
2644
2645
366
2650
2651
2652
2657
2658
2661
368
435
2665
2666
2667
436
2671
2672
2673
370
437
2678
2679
2682
2685
2686
2687
2692
2693
2694
2699
2700
2701
2707
2708
2709
442
2713
2714
2717
443
2720
2721
2724
444
2727
2728
2729
375
1037
1043
375
774
1038
2099
375
1034
1044
2100
1041
1047
2103
380
381
382
1057
1064
380
381
778
1058
2644
380
382
1039
381
382
1040
1065
2645
780
1061
1062
1068
2648
1042
1069
387
388
389
1084
1091
387
388
787
1085
2693
387
389
788
1059
388
389
1060
1092
2694
790
1088
1089
1095
2696
1063
1096
394
395
1110
1114
394
794
1111
2148
395
1086
394
395
1087
1115
2149
1113
1118
2152
1090
1119
1009
1112
1127
839
1154
1160
399
400
873
1153
1185
875
1188
1155
1189
404
405
406
1234
1241
1248
404
405
930
1235
404
406
931
1242
934
1238
1245
1239
1246
2734
2735
2738
2741
2742
2745
415
435
2749
2750
2751
2755
2756
2757
417
2762
2763
2764
438
2769
2770
2771
419
439
2776
2777
2780
2783
2784
2785
2791
2792
2793
442
2797
2798
2801
2804
2805
2806
2811
2812
2813
445
2818
2819
2822
446
2825
2826
2827
425
426
427
1270
1281
2300
425
426
954
1271
425
427
955
2260
2301
426
427
1233
1282
2261
958
1273
2304
1284
1285
2264
2305
432
433
434
1294
1299
2314
432
433
983
1243
2315
432
434
984
1295
433
434
1244
1300
987
1297
2318
1247
1302
2319
1303
2833
2834
2835
2839
2840
2841
443
2846
2847
2850
2853
2854
2855
445
2860
2861
2864
2867
2868
2869
447
2874
2875
2876
2881
2882
2885
2888
2889
2892
2895
2896
2897
2902
2903
2906
2909
2910
2911
2916
2917
2918
2923
2924
2925
453
454
455
1345
1352
453
454
1045
1346
2344
453
455
1046
454
455
1342
1353
2345
1049
1349
1350
1355
2348
460
461
462
1363
1370
1376
460
461
1066
1364
2840
460
462
1067
1347
461
462
1348
1377
2841
1070
1367
1371
1368
1380
2843
1351
1381
467
468
469
1390
1397
1403
467
468
1093
1391
2888
467
469
1094
1365
1398
468
469
1366
1404
2889
1097
1394
1399
1395
1407
2890
1369
1400
1408
474
475
476
1417
1424
474
475
1116
1418
2393
474
476
1117
1392
475
476
1393
1425
2394
1120
1421
1422
1428
2397
1396
1429
479
1128
2435
479
1420
1435
2436
2439
484
485
486
1462
1469
484
485
1436
1463
2232
484
486
1455
1470
2233
485
486
1466
1473
2236
1467
1474
491
492
493
1484
2454
2461
491
492
1438
2455
2756
491
493
1464
2462
2757
492
493
1439
1465
1485
2458
2465
2760
1440
1486
2459
1468
1487
2466
498
499
500
1504
1511
2475
498
499
1447
1505
2805
498
500
2456
2476
2806
499
500
1448
1512
2457
1508
2479
2808
1450
1509
1513
1514
2460
2480
505
506
507
1530
2489
505
506
1454
1531
2281
505
507
1506
2282
2490
506
507
1507
1533
2285
2493
1510
1542
2494
1283
1532
1548
513
514
515
1562
1576
2496
513
514
1471
2358
2497
513
515
1555
1563
2359
514
515
1472
1556
1566
2362
2500
1475
1577
2501
1558
1567
519
1549
1668
2442
519
520
1642
1669
2443
520
1550
1643
1670
2446
1646
1354
1564
1671
524
525
1378
1673
2512
525
1672
2513
1382
1676
1677
2516
529
530
1405
1678
2533
529
1406
1674
530
1675
2534
1409
1681
1682
2537
1426
1649
1683
1650
1680
571
806
536
600
536
539
601
826
540
603
540
542
1839
541
543
832
540
541
833
1840
1842
835
545
1860
546
859
545
546
548
860
1861
549
1863
862
549
622
549
623
867
625
551
636
892
642
897
554
566
919
556
577
662
556
557
578
1944
557
663
1945
580
1947
562
574
563
581
562
563
1831
562
563
589
671
1832
590
1835
672
1836
567
568
569
576
568
571
1685
567
568
578
1686
580
575
582
1688
573
574
575
1831
573
574
600
573
575
1965
574
575
602
1833
1966
604
1835
1837
1968
580
581
582
1831
580
581
677
580
582
1972
581
582
678
1834
1973
680
1836
1837
1975
585
586
592
1838
585
586
1839
1842
597
1843
590
591
592
1845
591
594
590
591
1846
1849
598
1850
596
597
598
1852
596
597
610
596
598
698
597
598
612
700
1853
614
1856
702
1857
603
604
605
1838
1845
603
604
603
605
1691
1840
604
605
1692
1847
1842
1849
1694
1844
1851
607
608
616
621
625
619
626
613
614
615
616
1866
613
614
613
615
617
614
615
1867
1870
620
1871
619
620
1873
620
720
619
620
629
722
1874
630
1877
724
1878
625
626
627
1859
1873
625
626
635
625
627
1861
2587
626
627
637
1875
2588
1863
639
1877
1865
1879
2590
630
631
632
1880
630
631
1881
1884
633
1885
633
647
652
742
638
639
640
641
1880
638
639
638
640
642
1706
639
640
1707
1882
644
1884
646
1709
1886
644
645
646
647
644
646
2014
645
646
649
654
2015
651
655
653
2017
651
652
653
1880
651
652
657
746
651
653
658
2028
652
653
747
1883
2029
660
749
1885
1886
2031
655
656
658
660
661
660
766
660
661
2063
661
767
2064
2066
665
677
666
2077
665
666
667
679
2078
668
681
669
2080
668
669
685
975
687
978
672
673
674
1887
672
673
1888
1891
675
1892
675
690
694
706
680
681
682
683
1887
680
681
680
682
1713
1889
681
682
685
1714
1891
687
689
1716
1893
687
688
689
690
687
688
687
689
2098
688
689
693
774
2099
695
696
2101
694
695
696
1887
694
695
713
775
694
696
714
1890
2105
695
696
776
2106
716
1892
1893
2108
701
702
703
708
1901
701
702
701
703
702
703
1902
1905
710
1906
706
707
708
712
706
707
713
716
711
717
710
711
1908
710
711
727
1909
728
1912
1913
716
717
718
1894
1908
716
717
777
716
718
1897
2643
717
718
778
1911
2644
1899
779
1913
1900
1914
2646
723
724
725
730
1922
723
724
723
725
724
725
1923
1926
732
1927
728
729
730
1929
728
729
1930
1933
733
1934
732
733
734
732
733
735
738
744
739
738
739
740
1922
1929
738
739
753
791
738
740
754
1925
2699
739
740
792
1932
2700
756
1927
793
1934
1928
1935
2702
742
745
749
744
752
756
749
750
751
759
1936
749
750
766
749
751
1938
2140
750
751
761
768
2141
1940
763
769
765
1942
2143
756
757
758
759
1936
756
757
756
758
1939
2147
757
758
762
794
2148
1941
764
765
1942
2150
763
764
765
763
764
763
765
771
2154
764
765
795
2155
772
2157
769
770
1741
769
770
771
1742
772
773
1744
772
773
1007
1010
776
777
1038
779
779
780
782
784
785
784
786
1909
784
785
1058
1911
785
788
1059
1913
1061
789
1930
789
790
792
1932
790
793
1934
793
793
1085
795
1111
797
802
920
799
811
1951
799
1129
1952
1954
803
804
810
803
806
1685
803
811
1687
809
815
1689
808
809
817
808
825
809
1965
808
809
818
827
1967
821
829
822
1969
814
815
816
817
814
815
1986
814
816
815
816
820
1133
1987
822
1989
823
1135
821
822
823
821
822
845
1993
821
823
846
1138
822
823
1139
1994
848
1996
1141
828
829
830
831
844
828
829
828
830
833
1691
829
830
845
1693
835
848
837
849
1695
835
836
837
851
835
836
859
835
837
2538
836
837
852
861
2540
855
863
856
2542
839
840
844
843
850
842
843
851
842
843
853
873
1153
855
874
857
1154
848
849
850
851
848
849
2559
848
850
1157
849
850
854
1158
2560
856
2562
857
1160
855
856
857
855
856
877
2566
855
857
878
1164
856
857
1165
2567
880
2568
1167
862
863
864
865
876
862
863
862
864
867
1698
863
864
877
1700
869
880
871
881
1702
869
870
871
883
869
870
891
869
871
2587
870
871
884
893
2589
887
894
888
2591
874
875
876
874
875
878
880
882
880
881
882
883
880
881
2608
880
882
1185
881
882
886
1186
2609
888
2610
889
1188
887
888
889
887
888
901
2615
887
889
902
1192
888
889
1193
2616
904
2618
1195
894
895
896
900
894
895
897
1706
894
895
901
1708
904
899
905
1710
899
907
899
2014
899
908
914
2016
912
2018
904
905
906
907
904
905
2035
904
906
1213
905
906
910
1214
2036
912
2038
913
1216
911
912
913
911
912
915
2042
911
913
1220
912
913
1221
2043
2045
1223
915
917
953
917
954
956
921
922
923
1943
1950
921
923
1686
1944
922
923
1687
1951
1947
1954
1690
1948
1955
927
928
935
1943
927
928
1945
928
936
1947
940
1949
932
933
934
935
1950
932
934
1952
933
934
937
1954
939
941
1956
939
940
941
1957
939
940
982
939
941
1242
940
941
983
1243
1960
985
1962
1245
1963
943
944
945
946
959
949
962
950
963
949
950
951
965
2062
949
951
1001
2064
950
951
966
1002
2066
969
970
1004
2068
956
957
958
959
2069
956
957
2042
956
958
960
957
958
2044
2071
962
2046
2073
964
2075
962
963
964
965
962
964
1271
963
964
967
1272
969
971
1273
969
970
971
2069
969
970
1016
969
971
1275
970
971
1017
1276
2072
1019
2074
1278
2075
973
974
988
978
978
979
980
993
2076
978
979
2078
2098
978
980
979
980
994
1034
2100
2080
997
2082
2102
998
985
986
987
988
2083
985
986
985
987
2085
986
987
989
2087
992
2089
991
992
993
992
1295
991
992
996
1296
998
999
1297
997
998
999
2083
997
998
1035
2126
997
999
2086
2127
2322
998
999
1036
2323
2088
2129
2089
2325
1003
1004
1005
1013
1015
1740
1003
1004
1741
1004
1005
1016
1014
1744
1019
1745
1020
1010
1011
1012
1013
1022
1740
1010
1011
1742
2154
1010
1012
1011
1012
1023
2156
1014
1744
1026
1746
2158
1027
1014
1029
1019
1020
1021
1029
2188
1019
1020
1019
1021
1315
2190
1020
1021
1030
1316
2192
1033
1318
2194
1026
1027
1028
1029
2188
1026
1027
1127
2182
1026
1028
2183
2191
2434
1027
1028
1031
1128
2435
2185
2193
1032
1033
2194
2437
1032
1033
1033
1322
1032
1033
1323
1324
1035
1044
1341
1041
1042
1050
1041
2106
1042
1041
1042
1051
2107
1054
2110
1055
1047
1048
1049
1050
1047
1048
2126
1047
1049
1052
2128
1048
1049
1054
2130
1056
1054
1055
1056
1054
1055
1065
2133
1054
1056
1346
2135
1055
1056
1067
1347
2137
1069
1349
1061
1062
1063
1071
1061
1062
2651
1061
1063
1062
1063
1072
2652
1075
2654
1076
1068
1069
1070
1071
1078
1068
1069
2671
1068
1070
1073
2673
1069
1070
1075
2675
1077
1079
1075
1076
1077
1080
1075
1076
1092
2678
1075
1077
1364
2679
1076
1077
1081
1094
1365
2680
1082
1096
1083
1367
1079
1080
1083
1371
1082
1083
1082
1083
1106
1373
1107
1374
1088
1089
1090
1098
1088
1089
2700
1088
1090
1089
1090
1099
2701
1102
2704
1103
1095
1096
1097
1098
1105
1095
1096
2720
1095
1097
1100
2721
1096
1097
1106
1102
2722
1107
1104
1108
1102
1103
1104
1102
1103
1115
2727
1102
1104
1391
2729
1103
1104
1117
1392
2731
1119
1109
1394
1107
1108
1107
1108
1398
1109
1399
1402
1113
1121
1113
2155
1113
1122
2156
1125
2159
1118
1119
1120
1121
1118
1119
2175
1118
1120
1123
2177
1119
1120
1125
2179
1126
1125
1126
1125
1127
2182
1125
1126
1418
2184
1126
1419
2186
1421
1235
1131
1134
1237
1144
1251
1135
1136
1137
1135
1136
1139
1748
1136
1144
1750
1141
1143
1146
1752
1141
1142
1143
1147
1141
1142
1157
1141
1143
2210
1142
1143
1148
1159
2212
1151
1161
1152
2214
1146
2231
1146
1150
1436
2232
1152
2234
1151
1152
1151
1152
1171
2238
1151
1172
1152
1437
2239
1174
2241
1154
1155
1164
1167
1168
1160
1161
1162
1163
1170
1160
1161
1160
1162
1165
1754
1161
1162
1171
1756
1167
1174
1169
1175
1757
1167
1168
1169
1177
1167
1168
1185
1167
1169
2734
1168
1169
1178
1187
2735
1181
1189
1182
2736
1174
1175
1176
1177
1174
1175
2755
1174
1176
1175
1176
1180
1438
2756
1182
2758
1183
1181
1182
1183
1181
1182
1199
2762
1181
1183
1200
1441
1182
1183
1442
2763
1202
2765
1444
1188
1189
1190
1191
1198
1188
1189
1188
1190
1193
1761
1189
1190
1199
1762
1195
1202
1197
1203
1763
1195
1196
1197
1205
1195
1196
1213
1195
1197
2783
1196
1197
1206
1215
2785
1209
1217
1210
2786
1202
1203
1204
1205
1202
1203
2804
1202
1204
1446
1203
1204
1208
1447
2805
1210
2807
1211
1449
1209
1210
1211
1209
1210
1226
2811
1209
1211
1210
1211
1451
2812
1228
2814
1216
1217
1218
1219
1225
1216
1217
1216
1218
1221
1769
1217
1218
1226
1771
1223
1228
1224
1229
1773
1223
1224
1223
1223
1224
2259
1224
1230
1233
2261
1232
2263
1228
1229
1228
1229
2280
1229
1231
1454
2281
1232
2283
1232
1264
1232
1265
1267
1238
1239
1240
1250
2195
1238
1239
1952
1238
1240
1749
1953
2196
1239
1240
1251
1750
1956
2199
1254
1255
1753
2200
1245
1246
1247
1257
2195
1245
1246
1245
1247
2197
1246
1247
1258
2199
1260
1261
2201
1249
1250
1257
1256
1262
1254
1255
1256
2202
1254
1255
2231
1254
1256
1255
1256
1455
2204
2233
2206
2235
1456
2208
1260
1261
1262
2202
1260
1261
1300
1261
1262
1301
2205
1302
2207
2208
1267
1268
1269
2258
2279
2293
1267
1268
1282
2261
1267
1269
1531
2281
1268
1269
1283
1532
2295
2263
2283
1285
2264
2297
1533
2285
2299
1273
1274
1287
1273
1273
1275
1278
1278
1279
1280
1288
2300
1278
1279
1278
1280
1315
2302
1279
1280
1289
1317
2304
1291
1292
1319
2306
1284
1285
1286
1287
2307
1284
1285
1285
1286
2309
2311
2313
1288
1291
1292
1293
2307
1291
1292
1328
1292
1293
1329
1553
2310
1330
2312
2313
1297
1298
1305
2321
1297
1297
1298
2323
2325
2327
1302
1303
1304
1305
2328
1302
1303
1302
1304
2330
2332
1306
2334
1306
1307
1313
1311
1312
1313
2321
2328
1311
1312
1344
2324
2371
1311
1313
1559
2331
2372
1312
1313
2326
2333
2374
2327
1560
2334
1318
1319
1320
1321
1327
1803
1318
1319
1804
1318
1320
1322
1319
1320
1328
1324
1807
1330
1808
1325
1331
1324
1325
1326
1340
2433
1324
1325
1324
1326
2435
2437
2439
1330
1331
1332
1340
2440
1330
1331
1330
1332
1668
2442
2444
2446
1337
1338
1339
1340
2433
2440
1337
1338
1435
2427
2436
1337
1339
1669
2428
2443
1338
1339
2430
2438
2445
2439
1670
2446
1343
2323
1343
1344
2324
2327
1353
1349
1350
1351
1356
1349
1350
2351
1349
1351
1350
1351
1357
2352
1360
2355
1361
1355
1356
1355
2371
1355
1358
2373
1360
2375
1360
1361
1362
1360
1361
1377
2378
1360
1362
1671
2380
1361
1362
1379
2382
1381
1367
1368
1369
1372
1383
1367
1368
2846
1367
1369
1373
1368
1369
1384
2847
1374
1387
2848
1375
1388
1371
1372
1374
1374
1375
1374
1375
1398
1400
1380
1381
1382
1383
1380
1381
2867
1380
1382
1385
2869
1381
1382
1387
2871
1389
1387
1388
1389
1387
1388
1404
2874
1387
1389
1673
2876
1388
1389
1406
1674
2877
1408
1676
1394
1395
1396
1401
1410
1394
1395
2896
1394
1396
1395
1396
1411
2897
1402
1414
2899
1415
1399
1400
1401
1399
1400
1402
1402
1407
1408
1409
1410
1407
1408
2916
1407
1409
1412
2918
1408
1409
1414
2919
1416
1414
1415
1416
1414
1415
1425
2923
1414
1416
1678
2925
1415
1416
1427
1679
2927
1429
1681
1421
1422
1423
1431
1421
1422
2400
1421
1423
1422
1423
1432
2401
1434
2404
1428
1429
1430
1431
1428
1429
2420
1428
1430
1433
2422
1429
1430
1434
2424
1434
1434
1435
2427
1434
1683
2429
2431
1437
1463
1440
1442
1440
1445
1444
1446
1444
1445
2455
1445
1448
2457
2459
1449
1449
1450
1451
1450
1453
1453
1505
1453
1507
1509
1456
1457
1460
1460
1461
1470
2204
1460
1554
2205
1461
1472
1556
2208
1474
1466
1467
1468
1476
2447
1466
1467
2239
1466
1468
2240
2448
1467
1468
2243
2451
1477
2452
1473
1474
1475
1478
2447
1473
1474
2246
1473
1475
2247
2449
1474
1475
2250
2451
1479
2453
1477
1480
1482
1487
1479
1480
1483
1577
1482
1483
2447
1482
1483
1493
1579
2450
1495
2452
1580
2453
1486
1487
1488
1492
1486
1487
1490
1495
1490
1491
1497
2454
1490
1491
1512
2457
2459
1501
1514
2460
1495
1496
1497
2461
1495
1496
1587
2464
1496
1500
1588
2466
1502
1590
2467
1501
1502
1503
2468
1501
1502
1519
1594
2471
1501
1503
1520
1502
1503
1595
1522
2473
1597
2474
1508
1509
1510
1515
2482
1508
1509
2812
1508
1510
2483
2813
1509
1510
2486
2816
1516
1517
2487
1513
1514
1515
1518
1513
1514
1516
1522
1516
1517
1525
1528
1542
1522
1523
1524
1525
2475
1522
1523
1619
2478
1522
1524
1523
1524
1527
1620
2480
1529
1622
2481
1528
1529
2482
1528
1529
1544
1626
2485
1529
1627
1545
2487
1628
2488
1533
1534
1535
1533
1533
1534
1536
1539
1540
1539
1540
1541
2489
1539
1540
1548
2295
1539
1541
1641
2296
2491
1540
1541
1550
1643
2299
2493
1552
1547
1645
2495
1545
1545
1546
2489
1545
1546
1661
2492
2494
1547
1662
2495
1665
1551
1552
2309
1551
1553
2310
1552
2313
1668
1557
2330
1557
1558
1559
2331
1558
1560
2334
1561
1560
1561
1563
1567
1566
1567
1568
1569
1582
1566
1567
2372
1566
1568
1571
2373
1567
1568
1573
2376
1575
1573
1574
1575
1583
2496
1573
1574
2379
2498
2511
1573
1575
1671
2380
1574
1575
1584
1672
2513
2383
2500
1585
2502
2515
1577
1578
1582
1580
1580
1581
1583
2496
1580
1581
1587
2499
2501
1585
1591
2502
1583
1585
1585
1601
1602
1590
1591
1592
1593
1600
1810
1590
1591
1813
1590
1592
1595
1591
1592
1597
1815
1602
1816
1599
1604
1597
1598
1599
1605
2503
1597
1598
1619
2506
1597
1599
1598
1599
1607
1621
2508
1608
1623
2509
1610
1602
1603
1604
1605
2510
1602
1603
2513
2515
1609
2516
1610
1608
1609
1610
2517
1608
1609
1632
2520
1608
1610
1633
1634
2522
2523
1615
1616
1617
1636
2524
2531
1615
1616
1648
2526
2924
1615
1617
1678
2533
2925
1616
1617
1637
1650
1680
2528
2535
2928
1638
1652
2530
1639
1682
2537
1622
1623
1624
1625
1631
1817
1622
1623
1820
1622
1624
1627
1623
1624
1633
1628
1822
1634
1823
1630
1628
1629
1630
1636
2524
1628
1629
1661
2527
1628
1630
2529
1638
1663
2530
1634
1635
1636
2531
1634
1635
2534
1634
2536
1639
2537
1638
1639
1638
1639
1667
1644
1645
1646
1654
1664
1824
1644
1645
1825
2414
1644
1646
1655
2415
1645
1646
1657
1828
2418
1665
1829
1658
1651
1652
1653
1654
1666
1824
1651
1652
1826
2421
1651
1653
1656
2422
1652
1653
1657
1828
2425
1667
1830
1659
1657
1658
1659
1657
1658
1669
2428
1657
1659
1683
2429
2432
1662
1663
1664
1666
1824
1662
1663
1827
1665
1829
1667
1830
1665
1667
1670
1676
1677
2519
1676
1677
2520
2523
1681
1682
1681
1682
1688
1689
1690
1964
1971
1985
1688
1689
1965
1688
1690
1972
1689
1690
1986
1968
1975
1969
1989
1976
1990
1694
1695
2538
1694
1696
1966
2545
1695
1696
1967
2559
1697
2541
2548
1697
2542
2562
1697
1970
2549
2563
2543
2550
2564
1701
1702
1861
2587
1701
1704
1862
2539
2594
1702
1704
2540
2608
1703
1865
2590
2596
1703
2591
2610
1704
2593
2597
2611
2544
2599
2613
1709
1710
1711
2013
2020
2034
1709
1710
2014
1709
1711
2021
2588
1710
1711
2035
2589
2017
2024
2018
2038
2025
2039
2592
1716
1717
1718
2090
2097
2111
1716
1717
1973
2091
1716
1718
2078
2098
1717
1718
1974
2079
2112
2094
2101
1977
2095
2115
2082
2102
2116
1722
1725
1896
2546
2636
1722
1723
1897
2092
2643
1723
1725
2093
2547
2657
1724
1900
2638
2646
1724
2096
2647
2659
1725
2639
2649
2660
2551
2641
2662
1728
1731
1917
2595
2685
1728
1732
1918
2637
2692
1729
1921
2688
2695
1731
1732
2690
2697
2706
1731
1732
2598
2640
2707
2600
2691
2710
2642
2698
2711
1737
1738
1739
2139
2146
2160
1737
1738
1938
2022
2140
1737
1739
1939
2147
2686
1738
1739
2023
2161
2687
1942
2143
2150
2026
2144
2164
2151
2165
2689
1744
1745
1746
2188
1744
1745
2064
1744
1746
2141
1745
1746
2065
2142
2189
2068
2192
2145
2193
1751
1752
1753
2209
2216
2230
1751
1752
1987
2210
1751
1753
1988
2217
1752
1753
2231
1991
2213
2220
2214
2234
2221
2235
1757
1760
2560
2734
1758
1760
2211
2561
2741
1757
1758
2212
2755
1759
2736
2758
1759
2215
2743
2759
1760
2737
2744
2761
2565
2739
2746
1763
1766
2609
2783
1763
1767
2735
2804
1764
2786
2807
1766
1767
2788
2790
2809
1766
1767
2612
2738
2791
2614
2789
2794
2740
2795
2810
1772
1773
1774
2258
2265
2279
1772
1773
2036
2259
1772
1774
2037
2266
2784
1773
1774
2280
2785
2040
2262
2269
2263
2283
2270
2284
2787
1779
1780
1781
2335
2342
2356
1779
1780
2113
2218
2336
1779
1781
2114
2316
2343
1780
1781
2219
2317
2357
2117
2339
2346
2222
2340
2360
2320
2347
2361
1784
1787
2337
2658
2839
1784
1788
2338
2742
2853
1785
2341
2842
2856
1787
1788
2832
2844
2858
1787
1788
2661
2745
2833
2663
2836
2845
2747
2837
2859
1793
1794
1795
2884
2891
2905
1793
1794
2708
2792
2885
1793
1795
2709
2834
2892
1794
1795
2793
2835
2906
2712
2886
2893
2796
2887
2907
2838
2894
2908
1800
1801
1802
2384
2391
2405
1800
1801
2162
2267
2385
1800
1802
2163
2392
2881
1801
1802
2268
2406
2882
2166
2388
2395
2271
2389
2409
2396
2410
2883
1807
1808
1809
2433
2440
1807
1808
2190
2302
1807
1809
2191
2386
2434
1808
1809
2303
2387
2441
2194
2437
2306
2444
2390
2438
2445
1814
1815
1816
2503
2510
1814
1815
2463
2504
2854
1814
1816
2498
2511
2855
1815
1816
2464
2499
2507
2514
2857
2467
2508
2502
2515
1821
1822
1823
2524
2531
1821
1822
2477
2525
2902
1821
1823
2505
2532
2903
1822
1823
2478
2506
2528
2535
2904
2481
2529
2509
2536
1828
1829
1830
1828
1829
2407
2491
1828
1830
2408
2526
1829
1830
2492
2527
2411
2495
2530
1835
1836
1837
1835
1836
1846
1888
1835
1837
1847
1979
1836
1837
1889
1980
1849
1891
1982
1842
1843
1844
1852
1842
1843
1860
1842
1844
2538
1843
1844
1854
1862
2539
1856
1864
1858
2541
1849
1850
1851
1852
1849
1850
1895
1849
1851
2545
1850
1851
1855
1896
2546
1857
1898
1858
2548
1856
1857
1858
1856
1857
1867
1902
1856
1858
1868
2552
1857
1858
1903
2553
1870
1905
2554
1863
1864
1865
1866
1863
1864
1863
1865
1864
1865
1868
1870
1872
1870
1871
1872
1873
1870
1871
1916
1870
1872
2594
1871
1872
1876
1917
2595
1878
1919
1879
2596
1877
1878
1879
1877
1878
1881
1923
1877
1879
1882
2601
1878
1879
1924
2602
1884
1926
2604
1884
1885
1886
1884
1885
1937
1884
1886
2021
1885
1886
1938
2022
1940
2024
1891
1892
1893
1891
1892
1895
1891
1893
2091
1892
1893
1897
2092
1899
2094
1898
1899
1900
1901
1898
1899
1898
1900
1903
1899
1900
1905
1907
1905
1906
1907
1908
1905
1906
1916
1905
1907
2636
1906
1907
1910
1918
2637
1912
1920
1914
2638
1912
1913
1914
1912
1913
1930
1912
1914
1931
2650
1913
1914
2651
1933
2653
1919
1920
1921
1922
1929
1919
1920
1919
1921
1924
1920
1921
1931
1926
1933
1928
1935
1926
1927
1928
1926
1927
1937
1926
1928
2685
1927
1928
1939
2686
1941
2688
1933
1934
1935
1933
1934
1933
1935
2692
1934
1935
2693
2695
1940
1941
1942
1940
1941
1940
1942
1941
1942
1947
1948
1949
1957
1947
1948
1972
1947
1949
2077
1948
1949
1958
1974
2079
1961
1976
1962
2081
1954
1955
1956
1957
1954
1955
1986
1954
1956
1955
1956
1959
1988
1961
1990
1963
1961
1962
1963
1961
1962
2000
2084
1961
1963
2001
2196
1962
1963
2085
2197
2003
2087
2199
1968
1969
1970
1978
1992
1968
1969
1968
1970
1979
1969
1970
1993
1982
1996
1983
1997
1975
1976
1977
1978
1999
1975
1976
1975
1977
1980
1976
1977
2000
1982
2003
1984
2004
1982
1983
1984
2006
1982
1983
2545
1982
1984
2091
1983
1984
2007
2093
2547
2010
2549
2011
2095
1989
1990
1991
1992
1999
1989
1990
1989
1991
1994
1990
1991
2001
1996
2003
1998
2005
1996
1997
1998
2006
1996
1997
2559
1996
1998
2210
1997
1998
2008
2211
2561
2010
2563
2012
2213
2003
2004
2005
2006
2003
2004
2112
2003
2005
2217
2004
2005
2009
2113
2218
2011
2115
2012
2220
2010
2011
2012
2010
2011
2119
2573
2010
2012
2224
2574
2011
2012
2120
2225
2575
2122
2227
2017
2018
2019
2027
2041
2017
2018
2017
2019
2028
2018
2019
2042
2031
2045
2032
2046
2024
2025
2026
2027
2048
2024
2025
2601
2024
2026
2029
2025
2026
2049
2603
2031
2052
2605
2033
2053
2031
2032
2033
2055
2031
2032
2063
2031
2033
2140
2032
2033
2056
2065
2142
2059
2067
2060
2144
2038
2039
2040
2041
2048
2038
2039
2615
2038
2040
2043
2039
2040
2050
2617
2045
2052
2619
2047
2054
2045
2046
2047
2055
2045
2046
2045
2047
2259
2046
2047
2057
2260
2059
2061
2262
2052
2053
2054
2055
2052
2053
2161
2629
2052
2054
2266
2630
2053
2054
2058
2162
2267
2631
2060
2164
2061
2269
2059
2060
2061
2059
2060
2070
2168
2059
2061
2071
2273
2060
2061
2169
2274
2073
2171
2276
2066
2067
2068
2069
2066
2067
2066
2068
2067
2068
2070
2073
2074
2073
2074
2075
2073
2074
2189
2073
2075
2301
2074
2075
2190
2302
2192
2304
2080
2081
2082
2083
2080
2081
2080
2082
2081
2082
2084
2087
2088
2087
2088
2089
2087
2088
2112
2087
2089
2315
2088
2089
2114
2316
2116
2318
2094
2095
2096
2104
2118
2094
2095
2094
2096
2105
2095
2096
2119
2108
2122
2109
2123
2101
2102
2103
2104
2125
2101
2102
2101
2103
2106
2102
2103
2126
2108
2129
2110
2130
2108
2109
2110
2132
2108
2109
2643
2108
2110
2109
2110
2133
2645
2136
2647
2137
2115
2116
2117
2118
2125
2115
2116
2115
2117
2120
2116
2117
2127
2122
2129
2124
2131
2122
2123
2124
2132
2122
2123
2657
2122
2124
2336
2123
2124
2134
2337
2658
2136
2659
2138
2339
2129
2130
2131
2132
2129
2130
2129
2131
2343
2130
2131
2135
2344
2137
2138
2346
2136
2137
2138
2136
2137
2671
2136
2138
2350
2672
2137
2138
2351
2674
2353
2143
2144
2145
2153
2167
2143
2144
2143
2145
2154
2144
2145
2168
2157
2171
2158
2172
2150
2151
2152
2153
2174
2150
2151
2699
2150
2152
2155
2151
2152
2175
2701
2157
2178
2703
2159
2179
2157
2158
2159
2181
2157
2158
2157
2159
2158
2159
2182
2185
2186
2164
2165
2166
2167
2174
2164
2165
2713
2164
2166
2169
2165
2166
2176
2714
2171
2178
2715
2173
2180
2171
2172
2173
2181
2171
2172
2189
2171
2173
2385
2172
2173
2183
2191
2386
2185
2193
2187
2388
2178
2179
2180
2181
2178
2179
2727
2178
2180
2392
2728
2179
2180
2184
2393
2730
2186
2187
2395
2185
2186
2187
2185
2186
2185
2187
2399
2186
2187
2400
2402
2192
2193
2194
2192
2193
2192
2194
2193
2194
2199
2200
2201
2202
2199
2200
2217
2199
2201
2315
2200
2201
2203
2219
2317
2206
2221
2207
2319
2206
2207
2208
2206
2207
2245
2329
2206
2208
2246
2207
2208
2330
2248
2332
2213
2214
2215
2223
2237
2213
2214
2213
2215
2224
2214
2215
2238
2227
2241
2228
2242
2220
2221
2222
2223
2244
2220
2221
2220
2222
2225
2221
2222
2245
2227
2248
2229
2249
2227
2228
2229
2251
2227
2228
2741
2227
2229
2336
2228
2229
2252
2338
2742
2255
2743
2256
2340
2234
2235
2236
2237
2244
2234
2235
2234
2236
2239
2235
2236
2246
2241
2248
2243
2250
2241
2242
2243
2251
2241
2242
2755
2241
2243
2242
2243
2253
2757
2255
2759
2257
2248
2249
2250
2251
2248
2249
2357
2248
2250
2249
2250
2254
2358
2256
2360
2257
2255
2256
2257
2255
2256
2364
2769
2255
2257
2448
2770
2256
2257
2365
2449
2772
2367
2451
2262
2263
2264
2272
2262
2263
2262
2264
2273
2263
2264
2276
2277
2269
2270
2271
2272
2286
2269
2270
2797
2269
2271
2274
2270
2271
2287
2798
2276
2290
2799
2278
2291
2276
2277
2278
2293
2276
2277
2301
2276
2278
2385
2277
2278
2294
2303
2387
2297
2305
2298
2389
2283
2284
2285
2286
2283
2284
2811
2283
2285
2284
2285
2288
2813
2290
2815
2292
2290
2291
2292
2293
2290
2291
2406
2825
2290
2292
2490
2826
2291
2292
2296
2407
2491
2828
2298
2409
2299
2493
2297
2298
2299
2297
2298
2308
2413
2297
2299
2309
2298
2299
2414
2311
2416
2304
2305
2306
2307
2304
2305
2304
2306
2305
2306
2308
2311
2312
2311
2312
2313
2311
2312
2441
2311
2313
2312
2313
2442
2444
2318
2319
2320
2321
2328
2318
2319
2318
2320
2322
2319
2320
2329
2325
2332
2326
2333
2325
2326
2327
2325
2326
2343
2325
2327
2326
2327
2345
2347
2332
2333
2334
2332
2333
2357
2332
2334
2333
2334
2359
2361
2339
2340
2341
2349
2363
2339
2340
2339
2341
2350
2340
2341
2364
2353
2367
2354
2368
2346
2347
2348
2349
2370
2346
2347
2346
2348
2351
2347
2348
2371
2353
2374
2355
2375
2353
2354
2355
2377
2353
2354
2839
2353
2355
2354
2355
2378
2841
2381
2842
2382
2360
2361
2362
2363
2370
2360
2361
2360
2362
2365
2361
2362
2372
2367
2374
2369
2376
2367
2368
2369
2377
2367
2368
2853
2367
2369
2497
2368
2369
2379
2498
2855
2381
2856
2383
2500
2374
2375
2376
2377
2374
2375
2374
2376
2375
2376
2380
2382
2383
2381
2382
2383
2381
2382
2867
2381
2383
2868
2382
2383
2870
2388
2389
2390
2398
2412
2388
2389
2388
2390
2399
2389
2390
2413
2402
2416
2403
2417
2395
2396
2397
2398
2419
2395
2396
2895
2395
2397
2400
2396
2397
2420
2897
2402
2423
2898
2404
2424
2402
2403
2404
2426
2402
2403
2434
2402
2404
2403
2404
2427
2436
2430
2438
2431
2409
2410
2411
2412
2419
2409
2410
2909
2409
2411
2414
2410
2411
2421
2911
2416
2423
2912
2418
2425
2416
2417
2418
2426
2416
2417
2441
2416
2418
2417
2418
2428
2443
2430
2445
2432
2423
2424
2425
2426
2423
2424
2923
2423
2425
2924
2424
2425
2429
2926
2431
2432
2430
2431
2432
2430
2431
2430
2432
2431
2432
2437
2438
2439
2437
2438
2437
2439
2438
2439
2444
2445
2446
2444
2445
2444
2446
2445
2446
2451
2452
2453
2451
2452
2462
2451
2453
2497
2452
2453
2464
2499
2466
2501
2458
2459
2460
2468
2458
2459
2763
2458
2460
2469
2764
2459
2460
2472
2766
2473
2465
2466
2467
2468
2465
2466
2770
2465
2467
2470
2771
2466
2467
2472
2773
2474
2472
2473
2474
2472
2473
2476
2776
2472
2474
2504
2777
2473
2474
2478
2506
2778
2480
2508
2479
2480
2481
2482
2479
2480
2818
2479
2481
2484
2819
2480
2481
2486
2820
2488
2486
2487
2488
2486
2487
2490
2826
2486
2488
2525
2827
2487
2488
2492
2527
2829
2494
2529
2493
2494
2495
2493
2494
2493
2495
2494
2495
2500
2501
2502
2500
2501
2500
2502
2501
2502
2507
2508
2509
2517
2507
2508
2860
2507
2509
2518
2861
2508
2509
2521
2862
2522
2514
2515
2516
2517
2514
2515
2868
2514
2516
2519
2869
2515
2516
2521
2872
2523
2521
2522
2523
2521
2522
2532
2875
2521
2523
2876
2522
2523
2534
2878
2536
2528
2529
2530
2528
2529
2910
2528
2530
2911
2529
2530
2913
2535
2536
2537
2535
2536
2917
2535
2537
2918
2536
2537
2920
2541
2542
2541
2544
2552
2542
2544
2566
2543
2554
2543
2568
2544
2555
2569
2557
2571
2548
2549
2548
2551
2553
2549
2551
2573
2550
2554
2550
2575
2551
2555
2576
2558
2578
2554
2557
2594
2554
2558
2636
2555
2557
2558
2580
2557
2558
2581
2598
2640
2584
2599
2585
2641
2562
2563
2562
2565
2567
2563
2565
2574
2564
2568
2564
2575
2565
2569
2576
2572
2579
2568
2571
2608
2568
2572
2734
2569
2571
2572
2580
2571
2572
2582
2612
2738
2584
2613
2586
2739
2575
2578
2657
2575
2579
2741
2576
2578
2579
2580
2578
2579
2583
2661
2745
2585
2662
2586
2746
2584
2585
2586
2584
2585
2623
2665
2584
2586
2624
2749
2585
2586
2666
2750
2626
2668
2752
2590
2591
2590
2592
2601
2591
2592
2615
2593
2604
2593
2618
2593
2605
2619
2606
2620
2596
2599
2596
2600
2602
2597
2604
2599
2600
2606
2622
2599
2600
2623
2626
2607
2627
2604
2605
2604
2607
2685
2605
2607
2629
2687
2606
2606
2631
2607
2632
2634
2691
2610
2613
2610
2614
2616
2611
2618
2613
2614
2620
2622
2613
2614
2624
2626
2621
2628
2618
2619
2618
2621
2783
2619
2621
2630
2784
2620
2620
2631
2621
2632
2635
2789
2626
2627
2628
2632
2626
2627
2707
2626
2628
2791
2627
2628
2633
2708
2792
2634
2710
2635
2794
2631
2634
2713
2631
2635
2797
2632
2634
2635
2634
2635
2717
2801
2718
2802
2638
2641
2638
2642
2650
2639
2653
2641
2642
2655
2664
2641
2642
2665
2668
2656
2669
2646
2647
2646
2648
2651
2647
2648
2671
2649
2653
2649
2674
2649
2654
2675
2655
2676
2653
2656
2692
2653
2654
2654
2656
2678
2694
2655
2655
2680
2656
2681
2683
2698
2659
2662
2659
2663
2672
2660
2674
2662
2663
2664
2676
2662
2663
2666
2668
2670
2677
2668
2669
2670
2681
2668
2669
2707
2668
2670
2833
2669
2670
2682
2709
2834
2683
2711
2684
2836
2674
2675
2674
2677
2839
2675
2677
2679
2840
2676
2676
2680
2677
2681
2684
2845
2680
2683
2720
2680
2684
2846
2681
2683
2684
2683
2684
2724
2850
2725
2851
2688
2691
2688
2689
2699
2689
2691
2713
2690
2702
2690
2703
2715
2691
2705
2716
2718
2695
2698
2695
2696
2700
2696
2698
2720
2697
2702
2697
2704
2722
2698
2705
2723
2725
2702
2703
2702
2704
2703
2704
2727
2705
2705
2730
2705
2731
2732
2710
2711
2712
2716
2723
2710
2711
2710
2712
2717
2711
2712
2724
2718
2725
2719
2726
2715
2718
2715
2719
2728
2881
2716
2730
2718
2719
2732
2718
2719
2885
2733
2886
2722
2725
2722
2726
2729
2888
2723
2731
2725
2726
2732
2725
2726
2892
2733
2893
2730
2731
2730
2733
2895
2731
2733
2896
2732
2732
2733
2901
2736
2739
2736
2740
2762
2737
2765
2739
2740
2748
2767
2739
2740
2749
2752
2753
2768
2743
2746
2743
2747
2769
2744
2772
2746
2747
2748
2774
2746
2747
2750
2752
2754
2775
2752
2753
2754
2779
2752
2753
2791
2752
2754
2833
2753
2754
2780
2793
2835
2781
2795
2782
2837
2758
2759
2758
2760
2763
2759
2760
2770
2761
2765
2761
2772
2761
2766
2773
2767
2774
2765
2768
2804
2765
2766
2766
2768
2776
2806
2767
2767
2778
2768
2779
2781
2810
2772
2775
2853
2772
2773
2773
2775
2777
2854
2774
2774
2778
2775
2779
2782
2859
2778
2781
2818
2778
2782
2860
2779
2781
2782
2781
2782
2822
2864
2823
2865
2786
2789
2787
2789
2797
2786
2787
2811
2788
2814
2788
2799
2815
2789
2800
2817
2802
2794
2795
2796
2800
2821
2794
2795
2794
2796
2801
2795
2796
2822
2802
2823
2803
2824
2799
2802
2799
2803
2825
2882
2800
2828
2802
2803
2830
2802
2803
2885
2831
2887
2807
2810
2807
2808
2812
2808
2810
2818
2809
2814
2809
2816
2820
2810
2817
2821
2823
2814
2815
2814
2816
2815
2816
2826
2817
2817
2828
2817
2829
2830
2820
2823
2820
2824
2827
2902
2821
2829
2823
2824
2830
2823
2824
2906
2831
2907
2828
2831
2909
2828
2829
2829
2831
2910
2830
2830
2831
2915
2836
2837
2838
2849
2863
2836
2837
2836
2838
2850
2837
2838
2864
2851
2865
2852
2866
2842
2845
2843
2845
2846
2842
2843
2867
2844
2870
2844
2848
2871
2845
2849
2873
2851
2848
2851
2848
2852
2874
2889
2849
2877
2851
2852
2879
2851
2852
2892
2880
2894
2856
2859
2857
2859
2860
2856
2857
2868
2858
2870
2858
2862
2872
2859
2863
2873
2865
2862
2865
2862
2866
2875
2903
2863
2878
2865
2866
2879
2865
2866
2906
2880
2908
2870
2871
2870
2872
2871
2872
2876
2873
2873
2877
2873
2878
2879
2877
2880
2916
2878
2880
2917
2877
2878
2879
2879
2880
2922
2883
2886
2895
2883
2887
2909
2884
2898
2912
2886
2887
2900
2914
2886
2887
2901
2915
2890
2893
2896
2890
2894
2916
2891
2899
2919
2893
2894
2900
2921
2893
2894
2901
2922
2898
2901
2899
2901
2898
2899
2923
2900
2926
2900
2927
2901
2929
2904
2907
2910
2904
2908
2917
2905
2913
2920
2907
2908
2914
2921
2907
2908
2915
2922
2912
2915
2913
2915
2912
2913
2924
2914
2926
2914
2928
2915
2929
2919
2922
2920
2922
2919
2920
2925
2921
2927
2921
2928
2922
2929
2926
2927
2926
2928
2927
2928
2929
2929
2929
)


// ************************************************************************* //
