/*--------------------------------*- C++ -*----------------------------------*\
  =========                 |
  \\      /  F ield         | OpenFOAM: The Open Source CFD Toolbox
   \\    /   O peration     | Website:  https://openfoam.org
    \\  /    A nd           | Version:  6
     \\/     M anipulation  |
\*---------------------------------------------------------------------------*/
FoamFile
{
    version     2.0;
    format      ascii;
    class       vectorField;
    location    "0.005/polyMesh";
    object      points;
}
// * * * * * * * * * * * * * * * * * * * * * * * * * * * * * * * * * * * * * //


3737
(
(-0.02 0 -0.04)
(0 0 -0.04)
(0.02 0 -0.04)
(-0.04 -0.02 -0.02)
(-0.02 -0.02 -0.02)
(0 -0.02 -0.02)
(0.02 -0.02 -0.02)
(0.04 -0.02 -0.02)
(-0.04 0 -0.02)
(-0.02 1.85037e-18 -0.02)
(0 0 -0.02)
(0.02 0 -0.02)
(0.04 0 -0.02)
(-0.04 0.02 -0.02)
(-0.02 0.02 -0.02)
(0 0.02 -0.02)
(0.02 0.02 -0.02)
(0.04 0.02 -0.02)
(-0.04 -0.02 0)
(-0.02 -0.02 1.85037e-18)
(0 -0.02 0)
(0.02 -0.02 0)
(0.04 -0.02 0)
(-0.06 0 0)
(-0.04 0 0)
(-0.02 0 0)
(0 0 0)
(0.02 0 0)
(0.04 0 0)
(0.06 0 0)
(-0.04 0.02 0)
(-0.02 0.02 1.85037e-18)
(0 0.02 0)
(0.02 0.02 0)
(0.04 0.02 0)
(-0.04 -0.02 0.02)
(-0.02 -0.02 0.02)
(0 -0.02 0.02)
(0.02 -0.02 0.02)
(0.04 -0.02 0.02)
(-0.04 0 0.02)
(-0.02 1.85037e-18 0.02)
(0 0 0.02)
(0.02 0 0.02)
(0.04 0 0.02)
(-0.04 0.02 0.02)
(-0.02 0.02 0.02)
(0 0.02 0.02)
(0.02 0.02 0.02)
(0.04 0.02 0.02)
(-0.02 1.85037e-18 0.04)
(0 0 0.04)
(-0.03 -0.01 -0.03)
(-0.01 -0.01 -0.03)
(0.01 -0.01 -0.03)
(0.03 -0.01 -0.03)
(-0.03 0.01 -0.03)
(-0.01 0.01 -0.03)
(0.01 0.01 -0.03)
(0.03 0.01 -0.03)
(-0.03 -0.03 -0.01)
(-0.01 -0.03 -0.01)
(0.01 -0.03 -0.01)
(0.03 -0.03 -0.01)
(-0.05 -0.01 -0.01)
(-0.03 -0.01 -0.01)
(0.03 -0.01 -0.01)
(0.05 -0.01 -0.01)
(-0.05 0.01 -0.01)
(-0.03 0.01 -0.01)
(0.03 0.01 -0.01)
(0.05 0.01 -0.01)
(-0.03 0.03 -0.01)
(-0.01 0.03 -0.01)
(0.01 0.03 -0.01)
(0.03 0.03 -0.01)
(-0.03 -0.03 0.01)
(-0.01 -0.03 0.01)
(0.01 -0.03 0.01)
(0.03 -0.03 0.01)
(-0.05 -0.01 0.01)
(-0.03 -0.01 0.01)
(0.03 -0.01 0.01)
(0.05 -0.01 0.01)
(-0.05 0.01 0.01)
(-0.03 0.01 0.01)
(0.03 0.01 0.01)
(0.05 0.01 0.01)
(-0.03 0.03 0.01)
(-0.01 0.03 0.01)
(0.01 0.03 0.01)
(0.03 0.03 0.01)
(-0.03 -0.01 0.03)
(-0.01 -0.01 0.03)
(0.01 -0.01 0.03)
(0.03 -0.01 0.03)
(-0.03 0.01 0.03)
(-0.01 0.01 0.03)
(0.01 0.01 0.03)
(0.03 0.01 0.03)
(-0.02 -0.02 -0.03)
(0 -0.01 -0.04)
(0 -0.02 -0.03)
(0.02 -0.02 -0.03)
(-0.04 -9.25186e-19 -0.03)
(-0.01 0 -0.04)
(-0.02 9.25186e-19 -0.03)
(0.01 0 -0.04)
(0 0.01 -0.04)
(0 0 -0.03)
(0.02 0.01 -0.04)
(0.02 0 -0.03)
(0.04 -4.62593e-19 -0.03)
(-0.04 0.02 -0.03)
(-0.02 0.02 -0.03)
(0 0.02 -0.03)
(0.02 0.02 -0.03)
(0.04 0.02 -0.03)
(-0.02 -0.03 -0.02)
(0 -0.03 -0.02)
(0.02 -0.03 -0.02)
(-0.03 -0.02 -0.02)
(-0.04 -0.01 -0.02)
(-0.04 -0.02 -0.01)
(-0.01 -0.02 -0.02)
(-0.02 -0.01 -0.02)
(-0.02 -0.02 -0.01)
(0.01 -0.02 -0.02)
(0 -0.01 -0.02)
(0 -0.02 -0.01)
(0.03 -0.02 -0.02)
(0.02 -0.01 -0.02)
(0.02 -0.02 -0.01)
(0.05 -0.02 -0.02)
(0.04 -0.01 -0.02)
(0.04 -0.02 -0.01)
(-0.05 0 -0.02)
(-0.06 0 -0.01)
(-0.03 9.25186e-19 -0.02)
(-0.04 0.01 -0.02)
(-0.04 0 -0.01)
(-0.01 9.25186e-19 -0.02)
(-0.02 0.01 -0.02)
(-0.02 9.25186e-19 -0.01)
(0.01 0 -0.02)
(0 0.01 -0.02)
(0.03 0 -0.02)
(0.02 0.01 -0.02)
(0.02 0 -0.01)
(0.05 0 -0.02)
(0.04 0.01 -0.02)
(0.04 0 -0.01)
(0.06 0 -0.01)
(-0.05 0.02 -0.02)
(-0.03 0.02 -0.02)
(-0.04 0.02 -0.01)
(-0.01 0.02 -0.02)
(-0.02 0.03 -0.02)
(-0.02 0.02 -0.01)
(0.01 0.02 -0.02)
(0 0.03 -0.02)
(0 0.02 -0.01)
(0.03 0.02 -0.02)
(0.02 0.03 -0.02)
(0.02 0.02 -0.01)
(0.05 0.02 -0.02)
(0.04 0.02 -0.01)
(-0.04 -0.03 -9.25186e-19)
(-0.02 -0.03 9.25186e-19)
(0 -0.03 0)
(0.02 -0.03 0)
(0.04 -0.03 -4.62593e-19)
(-0.05 -0.02 0)
(-0.06 -0.01 0)
(-0.03 -0.02 9.25186e-19)
(-0.04 -0.01 0)
(-0.04 -0.02 0.01)
(-0.01 -0.02 9.25186e-19)
(-0.02 -0.01 9.25186e-19)
(-0.02 -0.02 0.01)
(0.01 -0.02 0)
(0 -0.02 0.01)
(0.03 -0.02 0)
(0.02 -0.01 0)
(0.02 -0.02 0.01)
(0.05 -0.02 0)
(0.04 -0.01 0)
(0.04 -0.02 0.01)
(0.06 -0.01 0)
(-0.05 0 0)
(-0.06 0.01 0)
(-0.06 0 0.01)
(-0.03 0 0)
(-0.04 0.01 0)
(-0.04 0 0.01)
(-0.02 0.01 9.25186e-19)
(-0.02 9.25186e-19 0.01)
(0.03 0 0)
(0.02 0.01 0)
(0.02 0 0.01)
(0.05 0 0)
(0.04 0.01 0)
(0.04 0 0.01)
(0.06 0.01 0)
(0.06 0 0.01)
(-0.05 0.02 0)
(-0.03 0.02 9.25186e-19)
(-0.04 0.03 0)
(-0.04 0.02 0.01)
(-0.01 0.02 9.25186e-19)
(-0.02 0.03 1.85037e-18)
(-0.02 0.02 0.01)
(0.01 0.02 0)
(0 0.03 0)
(0 0.02 0.01)
(0.03 0.02 0)
(0.02 0.03 0)
(0.02 0.02 0.01)
(0.05 0.02 0)
(0.04 0.03 0)
(0.04 0.02 0.01)
(-0.02 -0.03 0.02)
(0 -0.03 0.02)
(0.02 -0.03 0.02)
(-0.05 -0.02 0.02)
(-0.03 -0.02 0.02)
(-0.04 -0.01 0.02)
(-0.04 -0.02 0.03)
(-0.01 -0.02 0.02)
(-0.02 -0.01 0.02)
(-0.02 -0.02 0.03)
(0.01 -0.02 0.02)
(0 -0.01 0.02)
(0 -0.02 0.03)
(0.03 -0.02 0.02)
(0.02 -0.01 0.02)
(0.02 -0.02 0.03)
(0.04 -0.01 0.02)
(-0.05 0 0.02)
(-0.03 9.25186e-19 0.02)
(-0.04 0.01 0.02)
(-0.04 0 0.03)
(-0.01 9.25186e-19 0.02)
(-0.02 0.01 0.02)
(-0.02 1.85037e-18 0.03)
(0.01 0 0.02)
(0 0.01 0.02)
(0 0 0.03)
(0.03 0 0.02)
(0.02 0.01 0.02)
(0.02 0 0.03)
(0.05 0 0.02)
(0.04 0.01 0.02)
(0.04 0 0.03)
(-0.05 0.02 0.02)
(-0.03 0.02 0.02)
(-0.04 0.02 0.03)
(-0.01 0.02 0.02)
(-0.02 0.03 0.02)
(-0.02 0.02 0.03)
(0.01 0.02 0.02)
(0 0.03 0.02)
(0 0.02 0.03)
(0.03 0.02 0.02)
(0.02 0.03 0.02)
(0.02 0.02 0.03)
(0.05 0.02 0.02)
(0 -0.01 0.04)
(-0.01 9.25186e-19 0.04)
(-0.02 0.01 0.04)
(0.01 0 0.04)
(0 0.01 0.04)
(-0.01 -0.01 -0.04)
(0.01 -0.01 -0.04)
(-0.01 0.01 -0.04)
(0.01 0.01 -0.04)
(-0.03 -0.02 -0.03)
(-0.01 -0.02 -0.03)
(-0.01 -0.03 -0.02)
(0.01 -0.02 -0.03)
(0.01 -0.03 -0.02)
(0.03 -0.02 -0.03)
(-0.04 -0.01 -0.03)
(-0.05 -0.01 -0.02)
(-0.02 -0.01 -0.03)
(-0.03 0 -0.03)
(-0.03 -0.01 -0.02)
(0 -0.01 -0.03)
(-0.01 4.62593e-19 -0.03)
(-0.01 -0.01 -0.02)
(0.02 -0.01 -0.03)
(0.01 0 -0.03)
(0.01 -0.01 -0.02)
(0.04 -0.01 -0.03)
(0.03 -2.31296e-19 -0.03)
(0.03 -0.01 -0.02)
(0.05 -0.01 -0.02)
(-0.04 0.01 -0.03)
(-0.05 0.01 -0.02)
(-0.02 0.01 -0.03)
(-0.03 0.02 -0.03)
(-0.03 0.01 -0.02)
(0 0.01 -0.03)
(-0.01 0.02 -0.03)
(-0.01 0.01 -0.02)
(0.02 0.01 -0.03)
(0.01 0.02 -0.03)
(0.01 0.01 -0.02)
(0.04 0.01 -0.03)
(0.03 0.02 -0.03)
(0.03 0.01 -0.02)
(0.05 0.01 -0.02)
(-0.01 0.03 -0.02)
(0.01 0.03 -0.02)
(-0.04 -0.03 -0.01)
(-0.05 -0.02 -0.01)
(-0.02 -0.03 -0.01)
(-0.03 -0.02 -0.01)
(-0.03 -0.03 0)
(0 -0.03 -0.01)
(-0.01 -0.02 -0.01)
(-0.01 -0.03 4.62593e-19)
(0.02 -0.03 -0.01)
(0.01 -0.02 -0.01)
(0.01 -0.03 0)
(0.04 -0.03 -0.01)
(0.03 -0.02 -0.01)
(0.03 -0.03 -2.31296e-19)
(0.05 -0.02 -0.01)
(-0.06 -0.01 -0.01)
(-0.04 -0.01 -0.01)
(-0.05 0 -0.01)
(-0.05 -0.01 0)
(-0.02 -0.01 -0.01)
(-0.03 4.62593e-19 -0.01)
(-0.03 -0.01 4.62593e-19)
(0.02 -0.01 -0.01)
(0.04 -0.01 -0.01)
(0.03 0 -0.01)
(0.03 -0.01 0)
(0.06 -0.01 -0.01)
(0.05 0 -0.01)
(0.05 -0.01 0)
(-0.06 0.01 -0.01)
(-0.04 0.01 -0.01)
(-0.05 0.02 -0.01)
(-0.05 0.01 0)
(-0.02 0.01 -0.01)
(-0.03 0.02 -0.01)
(-0.03 0.01 4.62593e-19)
(-0.01 0.02 -0.01)
(0.02 0.01 -0.01)
(0.01 0.02 -0.01)
(0.04 0.01 -0.01)
(0.03 0.02 -0.01)
(0.03 0.01 0)
(0.06 0.01 -0.01)
(0.05 0.02 -0.01)
(0.05 0.01 0)
(-0.04 0.03 -0.01)
(-0.02 0.03 -0.01)
(-0.03 0.03 9.25186e-19)
(0 0.03 -0.01)
(-0.01 0.03 9.25186e-19)
(0.02 0.03 -0.01)
(0.01 0.03 0)
(0.03 0.03 0)
(-0.05 -0.02 0.01)
(-0.02 -0.03 0.01)
(-0.03 -0.02 0.01)
(0 -0.03 0.01)
(-0.01 -0.02 0.01)
(-0.01 -0.03 0.02)
(0.02 -0.03 0.01)
(0.01 -0.02 0.01)
(0.01 -0.03 0.02)
(0.03 -0.02 0.01)
(0.05 -0.02 0.01)
(-0.06 -0.01 0.01)
(-0.04 -0.01 0.01)
(-0.05 0 0.01)
(-0.05 -0.01 0.02)
(-0.02 -0.01 0.01)
(-0.03 4.62593e-19 0.01)
(-0.03 -0.01 0.02)
(-0.01 -0.01 0.02)
(0.02 -0.01 0.01)
(0.01 -0.01 0.02)
(0.04 -0.01 0.01)
(0.03 0 0.01)
(0.03 -0.01 0.02)
(0.06 -0.01 0.01)
(0.05 0 0.01)
(0.05 -0.01 0.02)
(-0.06 0.01 0.01)
(-0.04 0.01 0.01)
(-0.05 0.02 0.01)
(-0.05 0.01 0.02)
(-0.02 0.01 0.01)
(-0.03 0.02 0.01)
(-0.03 0.01 0.02)
(-0.01 0.02 0.01)
(-0.01 0.01 0.02)
(0.02 0.01 0.01)
(0.01 0.02 0.01)
(0.01 0.01 0.02)
(0.04 0.01 0.01)
(0.03 0.02 0.01)
(0.03 0.01 0.02)
(0.06 0.01 0.01)
(0.05 0.02 0.01)
(0.05 0.01 0.02)
(-0.04 0.03 0.01)
(-0.02 0.03 0.01)
(-0.03 0.03 0.02)
(0 0.03 0.01)
(-0.01 0.03 0.02)
(0.02 0.03 0.01)
(0.01 0.03 0.02)
(0.04 0.03 0.01)
(0.03 0.03 0.02)
(-0.03 -0.02 0.03)
(-0.01 -0.02 0.03)
(0.01 -0.02 0.03)
(0.03 -0.02 0.03)
(-0.04 -0.01 0.03)
(-0.02 -0.01 0.03)
(-0.03 9.25186e-19 0.03)
(0 -0.01 0.03)
(-0.01 9.25186e-19 0.03)
(-0.01 -0.01 0.04)
(0.02 -0.01 0.03)
(0.01 0 0.03)
(0.01 -0.01 0.04)
(0.04 -0.01 0.03)
(0.03 0 0.03)
(-0.04 0.01 0.03)
(-0.02 0.01 0.03)
(-0.03 0.02 0.03)
(0 0.01 0.03)
(-0.01 0.02 0.03)
(-0.01 0.01 0.04)
(0.02 0.01 0.03)
(0.01 0.02 0.03)
(0.01 0.01 0.04)
(0.04 0.01 0.03)
(0.03 0.02 0.03)
(-0.015 -0.015 -0.035)
(0.005 -0.015 -0.035)
(0.025 -0.015 -0.035)
(-0.035 0.005 -0.035)
(-0.015 0.005 -0.035)
(0.005 0.005 -0.035)
(0.025 0.005 -0.035)
(-0.055 -0.015 -0.015)
(-0.01 -0.01 -0.01)
(0.01 -0.01 -0.01)
(0.045 -0.015 -0.015)
(-0.055 0.005 -0.015)
(-0.01 0.01 -0.01)
(0.01 0.01 -0.01)
(-0.035 0.025 -0.015)
(-0.015 0.025 -0.015)
(0.005 0.025 -0.015)
(0.025 0.025 -0.015)
(0.045 0.025 -0.015)
(-0.015 -0.035 0.005)
(0.005 -0.035 0.005)
(-0.055 -0.015 0.005)
(-0.01 -0.01 0.01)
(0.01 -0.01 0.01)
(0.045 -0.015 0.005)
(-0.055 0.005 0.005)
(-0.01 0.01 0.01)
(0.01 0.01 0.01)
(-0.035 0.025 0.005)
(-0.015 0.025 0.005)
(0.005 0.025 0.005)
(0.025 0.025 0.005)
(0.045 0.025 0.005)
(-0.035 -0.015 0.025)
(-0.015 -0.015 0.025)
(0.005 -0.015 0.025)
(0.025 -0.015 0.025)
(0.045 -0.015 0.025)
(-0.035 0.005 0.025)
(0.045 0.005 0.025)
(-0.035 0.025 0.025)
(-0.015 0.025 0.025)
(0.005 0.025 0.025)
(0.025 0.025 0.025)
(-0.025 -0.025 -0.025)
(-0.015 -0.025 -0.025)
(-0.005 -0.025 -0.025)
(0.005 -0.025 -0.025)
(0.015 -0.025 -0.025)
(0.025 -0.025 -0.025)
(0.035 -0.025 -0.025)
(-0.045 -0.015 -0.025)
(-0.045 -0.005 -0.025)
(-0.025 -0.015 -0.035)
(-0.035 -0.005 -0.035)
(-0.025 -0.005 -0.035)
(-0.035 -0.015 -0.025)
(-0.025 -0.015 -0.025)
(-0.035 -0.005 -0.025)
(-0.005 -0.015 -0.035)
(-0.015 -0.005 -0.035)
(-0.005 -0.005 -0.035)
(-0.015 -0.015 -0.025)
(0.015 -0.015 -0.035)
(0.005 -0.005 -0.035)
(0.015 -0.005 -0.035)
(0.015 -0.015 -0.025)
(0.025 -0.005 -0.035)
(0.035 -0.005 -0.035)
(0.025 -0.015 -0.025)
(0.035 -0.015 -0.025)
(0.035 -0.005 -0.025)
(0.045 -0.015 -0.025)
(0.045 -0.005 -0.025)
(-0.045 0.005 -0.025)
(-0.045 0.015 -0.025)
(-0.025 0.005 -0.035)
(-0.025 0.015 -0.035)
(-0.035 0.005 -0.025)
(-0.035 0.015 -0.025)
(-0.025 0.015 -0.025)
(-0.005 0.005 -0.035)
(-0.015 0.015 -0.035)
(-0.005 0.015 -0.035)
(-0.015 0.015 -0.025)
(0.015 0.005 -0.035)
(0.005 0.015 -0.035)
(0.015 0.015 -0.035)
(0.015 0.015 -0.025)
(0.035 0.005 -0.035)
(0.025 0.015 -0.035)
(0.035 0.005 -0.025)
(0.025 0.015 -0.025)
(0.035 0.015 -0.025)
(0.045 0.005 -0.025)
(0.045 0.015 -0.025)
(-0.035 0.025 -0.025)
(-0.025 0.025 -0.025)
(-0.015 0.025 -0.025)
(-0.005 0.025 -0.025)
(0.005 0.025 -0.025)
(0.015 0.025 -0.025)
(0.025 0.025 -0.025)
(0.035 0.025 -0.025)
(-0.045 -0.025 -0.015)
(-0.045 -0.025 -0.005)
(-0.035 -0.025 -0.015)
(-0.025 -0.025 -0.015)
(-0.035 -0.025 -0.005)
(-0.025 -0.025 -0.005)
(-0.015 -0.025 -0.015)
(-0.005 -0.025 -0.015)
(-0.015 -0.035 -0.005)
(-0.005 -0.035 -0.005)
(-0.015 -0.025 -0.005)
(-0.005 -0.025 -0.005)
(0.005 -0.025 -0.015)
(0.015 -0.025 -0.015)
(0.005 -0.035 -0.005)
(0.005 -0.025 -0.005)
(0.015 -0.025 -0.005)
(0.025 -0.025 -0.015)
(0.035 -0.025 -0.015)
(0.025 -0.025 -0.005)
(0.035 -0.025 -0.005)
(0.045 -0.025 -0.015)
(0.045 -0.025 -0.005)
(-0.045 -0.015 -0.015)
(-0.055 -0.005 -0.015)
(-0.055 -0.015 -0.005)
(-0.055 -0.005 -0.005)
(0.055 -0.015 -0.015)
(0.055 -0.005 -0.015)
(0.045 -0.015 -0.005)
(0.055 -0.015 -0.005)
(0.055 -0.005 -0.005)
(-0.055 0.015 -0.015)
(-0.045 0.015 -0.015)
(-0.055 0.005 -0.005)
(-0.055 0.015 -0.005)
(-0.045 0.015 -0.005)
(0.055 0.005 -0.015)
(0.045 0.015 -0.015)
(0.055 0.015 -0.015)
(0.055 0.005 -0.005)
(0.045 0.015 -0.005)
(0.055 0.015 -0.005)
(-0.045 0.025 -0.015)
(-0.045 0.025 -0.005)
(-0.025 0.025 -0.015)
(-0.035 0.025 -0.005)
(-0.025 0.025 -0.005)
(-0.005 0.025 -0.015)
(-0.015 0.025 -0.005)
(-0.005 0.025 -0.005)
(-0.015 0.035 -0.005)
(-0.005 0.035 -0.005)
(0.015 0.025 -0.015)
(0.005 0.025 -0.005)
(0.015 0.025 -0.005)
(0.005 0.035 -0.005)
(0.015 0.035 -0.005)
(0.035 0.025 -0.015)
(0.025 0.025 -0.005)
(0.035 0.025 -0.005)
(0.045 0.025 -0.005)
(-0.045 -0.025 0.005)
(-0.045 -0.025 0.015)
(-0.035 -0.025 0.005)
(-0.025 -0.025 0.005)
(-0.035 -0.025 0.015)
(-0.025 -0.025 0.015)
(-0.005 -0.035 0.005)
(-0.015 -0.025 0.005)
(-0.005 -0.025 0.005)
(-0.015 -0.025 0.015)
(-0.005 -0.025 0.015)
(0.005 -0.025 0.005)
(0.015 -0.025 0.005)
(0.005 -0.025 0.015)
(0.015 -0.025 0.015)
(0.025 -0.025 0.005)
(0.035 -0.025 0.005)
(0.025 -0.025 0.015)
(0.035 -0.025 0.015)
(0.045 -0.025 0.005)
(-0.045 -0.015 0.005)
(-0.055 -0.005 0.005)
(-0.055 -0.015 0.015)
(-0.045 -0.015 0.015)
(-0.055 -0.005 0.015)
(0.035 -0.015 0.015)
(0.055 -0.015 0.005)
(0.055 -0.005 0.005)
(0.045 -0.015 0.015)
(0.055 -0.015 0.015)
(0.055 -0.005 0.015)
(-0.055 0.015 0.005)
(-0.055 0.005 0.015)
(-0.055 0.015 0.015)
(-0.045 0.015 0.015)
(0.055 0.005 0.005)
(0.055 0.015 0.005)
(0.055 0.005 0.015)
(0.045 0.015 0.015)
(0.055 0.015 0.015)
(-0.045 0.025 0.005)
(-0.045 0.025 0.015)
(-0.025 0.025 0.005)
(-0.035 0.025 0.015)
(-0.025 0.025 0.015)
(-0.005 0.025 0.005)
(-0.015 0.035 0.005)
(-0.005 0.035 0.005)
(-0.015 0.025 0.015)
(-0.005 0.025 0.015)
(0.015 0.025 0.005)
(0.005 0.035 0.005)
(0.015 0.035 0.005)
(0.005 0.025 0.015)
(0.015 0.025 0.015)
(0.035 0.025 0.005)
(0.025 0.025 0.015)
(0.035 0.025 0.015)
(0.045 0.025 0.015)
(-0.035 -0.025 0.025)
(-0.025 -0.025 0.025)
(-0.015 -0.025 0.025)
(-0.005 -0.025 0.025)
(0.005 -0.025 0.025)
(0.015 -0.025 0.025)
(0.025 -0.025 0.025)
(-0.045 -0.015 0.025)
(-0.045 -0.005 0.025)
(-0.025 -0.015 0.025)
(-0.035 -0.005 0.025)
(-0.025 -0.015 0.035)
(-0.035 -0.005 0.035)
(-0.025 -0.005 0.035)
(-0.015 -0.015 0.035)
(-0.005 -0.015 0.035)
(-0.015 -0.005 0.035)
(-0.005 -0.005 0.035)
(0.015 -0.015 0.025)
(0.005 -0.015 0.035)
(0.015 -0.015 0.035)
(0.005 -0.005 0.035)
(0.015 -0.005 0.035)
(0.035 -0.015 0.025)
(0.035 -0.005 0.025)
(0.025 -0.015 0.035)
(0.025 -0.005 0.035)
(0.035 -0.005 0.035)
(0.045 -0.005 0.025)
(0.055 -0.005 0.025)
(-0.045 0.005 0.025)
(-0.045 0.015 0.025)
(-0.035 0.015 0.025)
(-0.025 0.015 0.025)
(-0.035 0.005 0.035)
(-0.025 0.005 0.035)
(-0.035 0.015 0.035)
(-0.025 0.015 0.035)
(-0.015 0.005 0.035)
(-0.005 0.005 0.035)
(-0.015 0.015 0.035)
(-0.005 0.015 0.035)
(0.015 0.015 0.025)
(0.005 0.005 0.035)
(0.015 0.005 0.035)
(0.005 0.015 0.035)
(0.015 0.015 0.035)
(0.035 0.005 0.025)
(0.025 0.015 0.025)
(0.035 0.015 0.025)
(0.025 0.005 0.035)
(0.035 0.005 0.035)
(0.025 0.015 0.035)
(0.055 0.005 0.025)
(0.045 0.015 0.025)
(-0.025 0.025 0.025)
(-0.005 0.025 0.025)
(0.015 0.025 0.025)
(0.035 0.025 0.025)
(0 -0.02 -0.035)
(-0.02 -0.005 -0.04)
(-0.015 0 -0.04)
(-0.02 0.005 -0.04)
(-0.02 4.62593e-19 -0.035)
(0 -0.005 -0.04)
(-0.005 0 -0.04)
(0.005 0 -0.04)
(0 0.005 -0.04)
(0 0 -0.035)
(0.02 -0.005 -0.04)
(0.015 0 -0.04)
(0.02 0.005 -0.04)
(0.02 0 -0.035)
(-0.02 0.02 -0.035)
(0 0.02 -0.035)
(0.02 0.02 -0.035)
(-0.04 -0.02 -0.025)
(-0.04 -0.025 -0.02)
(-0.045 -0.02 -0.02)
(-0.035 -0.02 -0.02)
(-0.04 -0.015 -0.02)
(-0.04 -0.02 -0.015)
(-0.02 -0.02 -0.025)
(-0.02 -0.025 -0.02)
(-0.025 -0.02 -0.02)
(-0.015 -0.02 -0.02)
(-0.02 -0.015 -0.02)
(-0.02 -0.02 -0.015)
(0 -0.02 -0.025)
(0 -0.025 -0.02)
(-0.005 -0.02 -0.02)
(0.005 -0.02 -0.02)
(0 -0.02 -0.015)
(0.02 -0.02 -0.025)
(0.02 -0.025 -0.02)
(0.015 -0.02 -0.02)
(0.025 -0.02 -0.02)
(0.02 -0.015 -0.02)
(0.02 -0.02 -0.015)
(0.04 -0.02 -0.025)
(0.04 -0.025 -0.02)
(0.035 -0.02 -0.02)
(0.045 -0.02 -0.02)
(0.04 -0.015 -0.02)
(0.04 -0.02 -0.015)
(-0.055 0 -0.02)
(-0.06 0 -0.015)
(-0.04 -4.62593e-19 -0.025)
(-0.04 -0.005 -0.02)
(-0.045 0 -0.02)
(-0.035 4.62593e-19 -0.02)
(-0.04 0.005 -0.02)
(0 0 -0.01)
(0.04 -2.31296e-19 -0.025)
(0.04 -0.005 -0.02)
(0.035 0 -0.02)
(0.045 0 -0.02)
(0.04 0.005 -0.02)
(0.055 0 -0.02)
(0.06 0 -0.015)
(-0.04 0.02 -0.025)
(-0.04 0.015 -0.02)
(-0.045 0.02 -0.02)
(-0.035 0.02 -0.02)
(-0.04 0.025 -0.02)
(-0.04 0.02 -0.015)
(-0.02 0.02 -0.025)
(-0.02 0.015 -0.02)
(-0.025 0.02 -0.02)
(-0.015 0.02 -0.02)
(-0.02 0.025 -0.02)
(-0.02 0.02 -0.015)
(0 0.02 -0.025)
(-0.005 0.02 -0.02)
(0.005 0.02 -0.02)
(0 0.025 -0.02)
(0 0.02 -0.015)
(0.02 0.02 -0.025)
(0.02 0.015 -0.02)
(0.015 0.02 -0.02)
(0.025 0.02 -0.02)
(0.02 0.025 -0.02)
(0.02 0.02 -0.015)
(0.04 0.02 -0.025)
(0.04 0.015 -0.02)
(0.035 0.02 -0.02)
(0.045 0.02 -0.02)
(0.04 0.025 -0.02)
(0.04 0.02 -0.015)
(0 -0.035 0)
(-0.055 -0.02 0)
(-0.06 -0.015 0)
(-0.04 -0.02 -0.005)
(-0.04 -0.025 -4.62593e-19)
(-0.045 -0.02 0)
(-0.035 -0.02 4.62593e-19)
(-0.04 -0.015 0)
(-0.04 -0.02 0.005)
(-0.02 -0.02 -0.005)
(-0.02 -0.025 1.38778e-18)
(-0.025 -0.02 1.38778e-18)
(-0.015 -0.02 1.38778e-18)
(-0.02 -0.02 0.005)
(0 -0.01 0)
(0 -0.02 -0.005)
(0 -0.025 0)
(-0.005 -0.02 4.62593e-19)
(0.005 -0.02 0)
(0 -0.02 0.005)
(0.02 -0.02 -0.005)
(0.02 -0.025 0)
(0.015 -0.02 0)
(0.025 -0.02 0)
(0.02 -0.02 0.005)
(0.04 -0.02 -0.005)
(0.04 -0.025 -2.31296e-19)
(0.035 -0.02 0)
(0.045 -0.02 0)
(0.04 -0.015 0)
(0.04 -0.02 0.005)
(0.055 -0.02 0)
(0.06 -0.015 0)
(-0.06 0 -0.005)
(-0.06 -0.005 0)
(-0.055 0 0)
(-0.06 0.005 0)
(-0.06 0 0.005)
(-0.01 0 0)
(0.01 0 0)
(0 0.01 0)
(0 0 0.01)
(0.06 0 -0.005)
(0.06 -0.005 0)
(0.055 0 0)
(0.06 0.005 0)
(0.06 0 0.005)
(-0.06 0.015 0)
(-0.055 0.02 0)
(-0.04 0.02 -0.005)
(-0.04 0.015 0)
(-0.045 0.02 0)
(-0.035 0.02 4.62593e-19)
(-0.04 0.025 0)
(-0.04 0.02 0.005)
(-0.02 0.02 -0.005)
(-0.025 0.02 1.38778e-18)
(-0.015 0.02 1.38778e-18)
(-0.02 0.025 1.85037e-18)
(-0.02 0.02 0.005)
(0 0.02 -0.005)
(-0.005 0.02 4.62593e-19)
(0.005 0.02 0)
(0 0.025 0)
(0 0.02 0.005)
(0.02 0.02 -0.005)
(0.015 0.02 0)
(0.025 0.02 0)
(0.02 0.025 0)
(0.02 0.02 0.005)
(0.04 0.02 -0.005)
(0.04 0.015 0)
(0.035 0.02 0)
(0.045 0.02 0)
(0.04 0.025 0)
(0.04 0.02 0.005)
(0.06 0.015 0)
(0.055 0.02 0)
(0 0.035 0)
(-0.04 -0.02 0.015)
(-0.04 -0.025 0.02)
(-0.045 -0.02 0.02)
(-0.035 -0.02 0.02)
(-0.04 -0.015 0.02)
(-0.04 -0.02 0.025)
(-0.02 -0.02 0.015)
(-0.02 -0.025 0.02)
(-0.025 -0.02 0.02)
(-0.015 -0.02 0.02)
(-0.02 -0.015 0.02)
(-0.02 -0.02 0.025)
(0 -0.02 0.015)
(0 -0.025 0.02)
(-0.005 -0.02 0.02)
(0.005 -0.02 0.02)
(0 -0.015 0.02)
(0 -0.02 0.025)
(0.02 -0.02 0.015)
(0.02 -0.025 0.02)
(0.015 -0.02 0.02)
(0.025 -0.02 0.02)
(0.02 -0.015 0.02)
(0.02 -0.02 0.025)
(0.04 -0.02 0.015)
(0.04 -0.025 0.02)
(0.035 -0.02 0.02)
(0.045 -0.02 0.02)
(0.04 -0.015 0.02)
(0.04 -0.02 0.025)
(-0.06 0 0.015)
(-0.055 0 0.02)
(-0.04 -0.005 0.02)
(-0.045 0 0.02)
(-0.035 4.62593e-19 0.02)
(-0.04 0.005 0.02)
(-0.04 0 0.025)
(0.04 -0.005 0.02)
(0.035 0 0.02)
(0.045 0 0.02)
(0.04 0.005 0.02)
(0.04 0 0.025)
(0.06 0 0.015)
(0.055 0 0.02)
(-0.04 0.02 0.015)
(-0.04 0.015 0.02)
(-0.045 0.02 0.02)
(-0.035 0.02 0.02)
(-0.04 0.025 0.02)
(-0.04 0.02 0.025)
(-0.02 0.02 0.015)
(-0.02 0.015 0.02)
(-0.025 0.02 0.02)
(-0.015 0.02 0.02)
(-0.02 0.025 0.02)
(-0.02 0.02 0.025)
(0 0.02 0.015)
(-0.005 0.02 0.02)
(0.005 0.02 0.02)
(0 0.025 0.02)
(0 0.02 0.025)
(0.02 0.02 0.015)
(0.02 0.015 0.02)
(0.015 0.02 0.02)
(0.025 0.02 0.02)
(0.02 0.025 0.02)
(0.02 0.02 0.025)
(0.04 0.02 0.015)
(0.04 0.015 0.02)
(0.035 0.02 0.02)
(0.045 0.02 0.02)
(0.04 0.025 0.02)
(0.04 0.02 0.025)
(-0.02 -0.02 0.035)
(0 -0.02 0.035)
(-0.02 1.85037e-18 0.035)
(-0.02 -0.005 0.04)
(-0.015 1.38778e-18 0.04)
(-0.02 0.005 0.04)
(0 0 0.035)
(0 -0.005 0.04)
(-0.005 4.62593e-19 0.04)
(0.005 0 0.04)
(0 0.005 0.04)
(0.02 0 0.035)
(0.015 0 0.04)
(-0.02 0.02 0.035)
(0 0.02 0.035)
(0 0.015 0.04)
(0.02 0.02 0.035)
(-0.01 -0.025 -0.03)
(-0.01 -0.03 -0.025)
(0.01 -0.025 -0.03)
(0.01 -0.03 -0.025)
(-0.045 -0.01 -0.03)
(-0.05 -0.01 -0.025)
(-0.03 -0.01 -0.035)
(-0.03 -0.015 -0.03)
(-0.035 -0.01 -0.03)
(-0.025 -0.01 -0.03)
(-0.03 -0.005 -0.03)
(-0.03 -0.01 -0.025)
(-0.01 -0.01 -0.035)
(-0.01 -0.015 -0.03)
(-0.015 -0.01 -0.03)
(-0.005 -0.01 -0.03)
(-0.01 -0.005 -0.03)
(-0.01 -0.01 -0.025)
(0.01 -0.01 -0.035)
(0.01 -0.015 -0.03)
(0.005 -0.01 -0.03)
(0.015 -0.01 -0.03)
(0.01 -0.005 -0.03)
(0.01 -0.01 -0.025)
(0.03 -0.01 -0.035)
(0.03 -0.015 -0.03)
(0.025 -0.01 -0.03)
(0.035 -0.01 -0.03)
(0.03 -0.005 -0.03)
(0.03 -0.01 -0.025)
(0.045 -0.01 -0.03)
(0.05 -0.01 -0.025)
(-0.045 0.01 -0.03)
(-0.05 0.01 -0.025)
(-0.03 0.01 -0.035)
(-0.03 0.005 -0.03)
(-0.035 0.01 -0.03)
(-0.025 0.01 -0.03)
(-0.03 0.015 -0.03)
(-0.03 0.01 -0.025)
(-0.01 0.01 -0.035)
(-0.01 0.005 -0.03)
(-0.015 0.01 -0.03)
(-0.005 0.01 -0.03)
(-0.01 0.015 -0.03)
(-0.01 0.01 -0.025)
(0.01 0.01 -0.035)
(0.01 0.005 -0.03)
(0.005 0.01 -0.03)
(0.015 0.01 -0.03)
(0.01 0.015 -0.03)
(0.01 0.01 -0.025)
(0.03 0.01 -0.035)
(0.03 0.005 -0.03)
(0.025 0.01 -0.03)
(0.035 0.01 -0.03)
(0.03 0.015 -0.03)
(0.03 0.01 -0.025)
(0.045 0.01 -0.03)
(0.05 0.01 -0.025)
(-0.01 0.025 -0.03)
(-0.01 0.03 -0.025)
(0.01 0.025 -0.03)
(0.01 0.03 -0.025)
(-0.05 -0.025 -0.01)
(-0.03 -0.03 -0.015)
(-0.035 -0.03 -0.01)
(-0.025 -0.03 -0.01)
(-0.03 -0.025 -0.01)
(-0.03 -0.03 -0.005)
(-0.01 -0.03 -0.015)
(-0.01 -0.035 -0.01)
(-0.015 -0.03 -0.01)
(-0.005 -0.03 -0.01)
(-0.01 -0.025 -0.01)
(-0.01 -0.03 -0.005)
(0.01 -0.03 -0.015)
(0.01 -0.035 -0.01)
(0.005 -0.03 -0.01)
(0.015 -0.03 -0.01)
(0.01 -0.025 -0.01)
(0.01 -0.03 -0.005)
(0.03 -0.03 -0.015)
(0.025 -0.03 -0.01)
(0.035 -0.03 -0.01)
(0.03 -0.025 -0.01)
(0.03 -0.03 -0.005)
(0.05 -0.025 -0.01)
(-0.05 -0.01 -0.015)
(-0.05 -0.015 -0.01)
(-0.055 -0.01 -0.01)
(-0.045 -0.01 -0.01)
(-0.05 -0.005 -0.01)
(-0.05 -0.01 -0.005)
(0.05 -0.01 -0.015)
(0.05 -0.015 -0.01)
(0.045 -0.01 -0.01)
(0.055 -0.01 -0.01)
(0.05 -0.005 -0.01)
(0.05 -0.01 -0.005)
(-0.05 0.01 -0.015)
(-0.05 0.005 -0.01)
(-0.055 0.01 -0.01)
(-0.045 0.01 -0.01)
(-0.05 0.015 -0.01)
(-0.05 0.01 -0.005)
(0.05 0.01 -0.015)
(0.05 0.005 -0.01)
(0.045 0.01 -0.01)
(0.055 0.01 -0.01)
(0.05 0.015 -0.01)
(0.05 0.01 -0.005)
(-0.03 0.03 -0.015)
(-0.03 0.025 -0.01)
(-0.035 0.03 -0.01)
(-0.025 0.03 -0.01)
(-0.03 0.03 -0.005)
(-0.01 0.03 -0.015)
(-0.01 0.025 -0.01)
(-0.015 0.03 -0.01)
(-0.005 0.03 -0.01)
(-0.01 0.035 -0.01)
(-0.01 0.03 -0.005)
(0.01 0.03 -0.015)
(0.01 0.025 -0.01)
(0.005 0.03 -0.01)
(0.015 0.03 -0.01)
(0.01 0.035 -0.01)
(0.01 0.03 -0.005)
(0.03 0.03 -0.015)
(0.03 0.025 -0.01)
(0.025 0.03 -0.01)
(0.035 0.03 -0.01)
(0.03 0.03 -0.005)
(-0.03 -0.03 0.005)
(-0.035 -0.03 0.01)
(-0.025 -0.03 0.01)
(-0.03 -0.025 0.01)
(-0.03 -0.03 0.015)
(-0.01 -0.03 0.005)
(-0.015 -0.03 0.01)
(-0.005 -0.03 0.01)
(-0.01 -0.025 0.01)
(-0.01 -0.03 0.015)
(0.01 -0.03 0.005)
(0.005 -0.03 0.01)
(0.015 -0.03 0.01)
(0.01 -0.025 0.01)
(0.01 -0.03 0.015)
(0.03 -0.03 0.005)
(0.025 -0.03 0.01)
(0.035 -0.03 0.01)
(0.03 -0.025 0.01)
(0.03 -0.03 0.015)
(-0.05 -0.01 0.005)
(-0.05 -0.015 0.01)
(-0.055 -0.01 0.01)
(-0.045 -0.01 0.01)
(-0.05 -0.005 0.01)
(-0.05 -0.01 0.015)
(0.03 -0.015 0.01)
(0.035 -0.01 0.01)
(0.03 -0.01 0.015)
(0.05 -0.01 0.005)
(0.05 -0.015 0.01)
(0.045 -0.01 0.01)
(0.055 -0.01 0.01)
(0.05 -0.005 0.01)
(0.05 -0.01 0.015)
(-0.05 0.01 0.005)
(-0.05 0.005 0.01)
(-0.055 0.01 0.01)
(-0.045 0.01 0.01)
(-0.05 0.015 0.01)
(-0.05 0.01 0.015)
(0.05 0.01 0.005)
(0.05 0.005 0.01)
(0.045 0.01 0.01)
(0.055 0.01 0.01)
(0.05 0.015 0.01)
(0.05 0.01 0.015)
(-0.05 0.025 0.01)
(-0.03 0.03 0.005)
(-0.03 0.025 0.01)
(-0.035 0.03 0.01)
(-0.025 0.03 0.01)
(-0.03 0.03 0.015)
(-0.01 0.03 0.005)
(-0.01 0.025 0.01)
(-0.015 0.03 0.01)
(-0.005 0.03 0.01)
(-0.01 0.035 0.01)
(-0.01 0.03 0.015)
(0.01 0.03 0.005)
(0.01 0.025 0.01)
(0.005 0.03 0.01)
(0.015 0.03 0.01)
(0.01 0.035 0.01)
(0.01 0.03 0.015)
(0.03 0.03 0.005)
(0.03 0.025 0.01)
(0.025 0.03 0.01)
(0.035 0.03 0.01)
(0.03 0.03 0.015)
(0.05 0.025 0.01)
(-0.01 -0.03 0.025)
(-0.01 -0.025 0.03)
(0.01 -0.03 0.025)
(0.01 -0.025 0.03)
(-0.05 -0.01 0.025)
(-0.045 -0.01 0.03)
(-0.03 -0.01 0.025)
(-0.03 -0.015 0.03)
(-0.035 -0.01 0.03)
(-0.025 -0.01 0.03)
(-0.03 -0.005 0.03)
(-0.03 -0.01 0.035)
(-0.01 -0.01 0.025)
(-0.01 -0.015 0.03)
(-0.015 -0.01 0.03)
(-0.005 -0.01 0.03)
(-0.01 -0.005 0.03)
(-0.01 -0.01 0.035)
(0.01 -0.01 0.025)
(0.01 -0.015 0.03)
(0.005 -0.01 0.03)
(0.015 -0.01 0.03)
(0.01 -0.005 0.03)
(0.01 -0.01 0.035)
(0.03 -0.01 0.025)
(0.03 -0.015 0.03)
(0.025 -0.01 0.03)
(0.035 -0.01 0.03)
(0.03 -0.005 0.03)
(0.03 -0.01 0.035)
(0.05 -0.01 0.025)
(0.045 -0.01 0.03)
(-0.05 0.01 0.025)
(-0.045 0.01 0.03)
(-0.03 0.01 0.025)
(-0.03 0.005 0.03)
(-0.035 0.01 0.03)
(-0.025 0.01 0.03)
(-0.03 0.015 0.03)
(-0.03 0.01 0.035)
(-0.01 0.005 0.03)
(-0.015 0.01 0.03)
(-0.005 0.01 0.03)
(-0.01 0.015 0.03)
(-0.01 0.01 0.035)
(0.01 0.01 0.025)
(0.01 0.005 0.03)
(0.005 0.01 0.03)
(0.015 0.01 0.03)
(0.01 0.015 0.03)
(0.01 0.01 0.035)
(0.03 0.01 0.025)
(0.03 0.005 0.03)
(0.025 0.01 0.03)
(0.035 0.01 0.03)
(0.03 0.015 0.03)
(0.03 0.01 0.035)
(0.05 0.01 0.025)
(0.045 0.01 0.03)
(-0.01 0.03 0.025)
(-0.01 0.025 0.03)
(0.01 0.03 0.025)
(0.01 0.025 0.03)
(-0.04 -0.015 -0.03)
(-0.01 -0.02 -0.035)
(-0.02 -0.01 -0.035)
(-0.02 -0.025 -0.03)
(-0.025 -0.02 -0.03)
(-0.015 -0.02 -0.03)
(-0.02 -0.015 -0.03)
(0.01 -0.02 -0.035)
(-0.005 -0.01 -0.04)
(0.005 -0.01 -0.04)
(0 -0.01 -0.035)
(0 -0.025 -0.03)
(-0.005 -0.02 -0.03)
(0.005 -0.02 -0.03)
(0 -0.015 -0.03)
(0.02 -0.01 -0.035)
(0.02 -0.025 -0.03)
(0.015 -0.02 -0.03)
(0.025 -0.02 -0.03)
(0.02 -0.015 -0.03)
(0.035 -0.02 -0.03)
(0.04 -0.015 -0.03)
(-0.03 -4.62593e-19 -0.035)
(-0.04 -0.005 -0.03)
(-0.045 -4.62593e-19 -0.03)
(-0.035 -4.62593e-19 -0.03)
(-0.04 0.005 -0.03)
(-0.01 -0.005 -0.04)
(-0.01 0.005 -0.04)
(-0.01 2.31296e-19 -0.035)
(-0.015 0.01 -0.04)
(-0.02 0.01 -0.035)
(-0.02 -0.005 -0.03)
(-0.025 4.62593e-19 -0.03)
(-0.015 6.93889e-19 -0.03)
(-0.02 0.005 -0.03)
(0.01 -0.005 -0.04)
(0.01 0.005 -0.04)
(0.01 0 -0.035)
(-0.005 0.01 -0.04)
(0.005 0.01 -0.04)
(0 0.01 -0.035)
(0 -0.005 -0.03)
(-0.005 2.31296e-19 -0.03)
(0.005 0 -0.03)
(0 0.005 -0.03)
(0.03 -3.46945e-19 -0.035)
(0.015 0.01 -0.04)
(0.02 0.01 -0.035)
(0.02 -0.005 -0.03)
(0.015 0 -0.03)
(0.025 -1.15648e-19 -0.03)
(0.02 0.005 -0.03)
(0.04 -0.005 -0.03)
(0.035 -3.46945e-19 -0.03)
(0.045 -3.46945e-19 -0.03)
(0.04 0.005 -0.03)
(-0.04 0.015 -0.03)
(-0.035 0.02 -0.03)
(-0.01 0.02 -0.035)
(-0.02 0.015 -0.03)
(-0.025 0.02 -0.03)
(-0.015 0.02 -0.03)
(-0.02 0.025 -0.03)
(0.01 0.02 -0.035)
(0 0.015 -0.03)
(-0.005 0.02 -0.03)
(0.005 0.02 -0.03)
(0 0.025 -0.03)
(0.02 0.015 -0.03)
(0.015 0.02 -0.03)
(0.025 0.02 -0.03)
(0.02 0.025 -0.03)
(0.04 0.015 -0.03)
(0.035 0.02 -0.03)
(-0.025 -0.03 -0.02)
(-0.015 -0.03 -0.02)
(-0.02 -0.03 -0.015)
(0 -0.03 -0.025)
(-0.005 -0.03 -0.02)
(0.005 -0.03 -0.02)
(0 -0.03 -0.015)
(0 -0.035 -0.01)
(0.015 -0.03 -0.02)
(0.025 -0.03 -0.02)
(0.02 -0.03 -0.015)
(-0.05 -0.015 -0.02)
(-0.05 -0.02 -0.015)
(-0.055 -0.01 -0.02)
(-0.055 -0.02 -0.01)
(-0.06 -0.015 -0.01)
(-0.03 -0.02 -0.025)
(-0.03 -0.025 -0.02)
(-0.03 -0.015 -0.02)
(-0.03 -0.02 -0.015)
(-0.04 -0.01 -0.025)
(-0.045 -0.01 -0.02)
(-0.035 -0.01 -0.02)
(-0.04 -0.01 -0.015)
(-0.04 -0.025 -0.01)
(-0.045 -0.02 -0.01)
(-0.035 -0.02 -0.01)
(-0.04 -0.015 -0.01)
(-0.01 -0.02 -0.025)
(-0.01 -0.025 -0.02)
(-0.01 -0.015 -0.02)
(-0.01 -0.02 -0.015)
(-0.02 -0.01 -0.025)
(-0.025 -0.01 -0.02)
(-0.015 -0.01 -0.02)
(-0.02 -0.025 -0.01)
(-0.025 -0.02 -0.01)
(-0.015 -0.02 -0.01)
(0.01 -0.02 -0.025)
(0.01 -0.025 -0.02)
(0.01 -0.015 -0.02)
(0.01 -0.02 -0.015)
(0 -0.025 -0.01)
(-0.005 -0.02 -0.01)
(0.005 -0.02 -0.01)
(0.03 -0.02 -0.025)
(0.03 -0.025 -0.02)
(0.03 -0.015 -0.02)
(0.03 -0.02 -0.015)
(0.02 -0.01 -0.025)
(0.015 -0.01 -0.02)
(0.025 -0.01 -0.02)
(0.02 -0.025 -0.01)
(0.015 -0.02 -0.01)
(0.025 -0.02 -0.01)
(0.05 -0.015 -0.02)
(0.05 -0.02 -0.015)
(0.04 -0.01 -0.025)
(0.035 -0.01 -0.02)
(0.045 -0.01 -0.02)
(0.04 -0.01 -0.015)
(0.04 -0.025 -0.01)
(0.035 -0.02 -0.01)
(0.045 -0.02 -0.01)
(0.04 -0.015 -0.01)
(0.055 -0.01 -0.02)
(0.06 -0.01 -0.015)
(0.055 -0.02 -0.01)
(0.06 -0.015 -0.01)
(-0.05 -4.89789e-35 -0.025)
(-0.05 -0.005 -0.02)
(-0.05 0.005 -0.02)
(-0.05 0 -0.015)
(-0.055 0.01 -0.02)
(-0.06 0.01 -0.015)
(-0.06 -0.005 -0.01)
(-0.055 0 -0.01)
(-0.06 0.005 -0.01)
(-0.03 4.62593e-19 -0.025)
(-0.03 -0.005 -0.02)
(-0.03 0.005 -0.02)
(-0.04 0.01 -0.025)
(-0.045 0.01 -0.02)
(-0.035 0.01 -0.02)
(-0.04 0.01 -0.015)
(-0.02 0.01 -0.025)
(-0.025 0.01 -0.02)
(-0.015 0.01 -0.02)
(0.03 -1.15648e-19 -0.025)
(0.03 -0.005 -0.02)
(0.03 0.005 -0.02)
(0.02 0.01 -0.025)
(0.015 0.01 -0.02)
(0.025 0.01 -0.02)
(0.05 -1.15648e-19 -0.025)
(0.05 -0.005 -0.02)
(0.05 0.005 -0.02)
(0.05 0 -0.015)
(0.04 0.01 -0.025)
(0.035 0.01 -0.02)
(0.045 0.01 -0.02)
(0.04 0.01 -0.015)
(0.055 0.01 -0.02)
(0.06 0.01 -0.015)
(0.06 -0.005 -0.01)
(0.055 0 -0.01)
(0.06 0.005 -0.01)
(-0.05 0.015 -0.02)
(-0.05 0.02 -0.015)
(-0.055 0.02 -0.01)
(-0.03 0.02 -0.025)
(-0.03 0.015 -0.02)
(-0.03 0.025 -0.02)
(-0.03 0.02 -0.015)
(-0.04 0.015 -0.01)
(-0.045 0.02 -0.01)
(-0.035 0.02 -0.01)
(-0.04 0.025 -0.01)
(-0.01 0.02 -0.025)
(-0.01 0.015 -0.02)
(-0.01 0.025 -0.02)
(-0.01 0.02 -0.015)
(-0.025 0.03 -0.02)
(-0.015 0.03 -0.02)
(-0.02 0.03 -0.015)
(-0.025 0.02 -0.01)
(-0.015 0.02 -0.01)
(-0.02 0.025 -0.01)
(0.01 0.02 -0.025)
(0.01 0.015 -0.02)
(0.01 0.025 -0.02)
(0.01 0.02 -0.015)
(0 0.03 -0.025)
(-0.005 0.03 -0.02)
(0.005 0.03 -0.02)
(0 0.03 -0.015)
(-0.005 0.02 -0.01)
(0.005 0.02 -0.01)
(0 0.025 -0.01)
(0.03 0.02 -0.025)
(0.03 0.015 -0.02)
(0.03 0.025 -0.02)
(0.03 0.02 -0.015)
(0.015 0.03 -0.02)
(0.025 0.03 -0.02)
(0.02 0.03 -0.015)
(0.015 0.02 -0.01)
(0.025 0.02 -0.01)
(0.02 0.025 -0.01)
(0.05 0.015 -0.02)
(0.05 0.02 -0.015)
(0.04 0.015 -0.01)
(0.035 0.02 -0.01)
(0.045 0.02 -0.01)
(0.04 0.025 -0.01)
(0.055 0.02 -0.01)
(0 0.035 -0.01)
(-0.04 -0.03 -0.005)
(-0.035 -0.03 -4.62593e-19)
(-0.01 -0.035 2.31296e-19)
(-0.02 -0.03 -0.005)
(-0.025 -0.03 4.62593e-19)
(-0.015 -0.03 6.93889e-19)
(-0.02 -0.03 0.005)
(0.01 -0.035 0)
(0 -0.03 -0.005)
(-0.005 -0.03 2.31296e-19)
(0.005 -0.03 0)
(0 -0.03 0.005)
(0 -0.035 0.01)
(0.02 -0.03 -0.005)
(0.015 -0.03 0)
(0.025 -0.03 -1.15648e-19)
(0.02 -0.03 0.005)
(0.04 -0.03 -0.005)
(0.035 -0.03 -3.46945e-19)
(0.04 -0.03 0.005)
(-0.05 -0.02 -0.005)
(-0.05 -0.025 -4.89789e-35)
(-0.05 -0.015 0)
(-0.05 -0.02 0.005)
(-0.06 -0.01 -0.005)
(-0.055 -0.01 0)
(-0.06 -0.01 0.005)
(-0.055 -0.02 0.01)
(-0.06 -0.015 0.01)
(-0.03 -0.02 -0.005)
(-0.03 -0.025 4.62593e-19)
(-0.03 -0.02 0.005)
(-0.045 -0.01 0)
(-0.04 -0.01 0.005)
(-0.04 -0.025 0.01)
(-0.045 -0.02 0.01)
(-0.035 -0.02 0.01)
(-0.04 -0.015 0.01)
(-0.01 -0.02 -0.005)
(-0.01 -0.025 6.93889e-19)
(-0.01 -0.02 0.005)
(-0.02 -0.025 0.01)
(-0.025 -0.02 0.01)
(-0.015 -0.02 0.01)
(0.01 -0.02 -0.005)
(0.01 -0.025 0)
(0.01 -0.02 0.005)
(0 -0.025 0.01)
(-0.005 -0.02 0.01)
(0.005 -0.02 0.01)
(0.03 -0.02 -0.005)
(0.03 -0.025 -1.15648e-19)
(0.03 -0.02 0.005)
(0.02 -0.025 0.01)
(0.015 -0.02 0.01)
(0.025 -0.02 0.01)
(0.05 -0.02 -0.005)
(0.05 -0.025 -1.15648e-19)
(0.05 -0.015 0)
(0.05 -0.02 0.005)
(0.04 -0.01 -0.005)
(0.045 -0.01 0)
(0.04 -0.01 0.005)
(0.04 -0.025 0.01)
(0.035 -0.02 0.01)
(0.045 -0.02 0.01)
(0.04 -0.015 0.01)
(0.06 -0.01 -0.005)
(0.055 -0.01 0)
(0.06 -0.01 0.005)
(-0.05 0 -0.005)
(-0.05 -0.005 0)
(-0.05 0.005 0)
(-0.05 0 0.005)
(-0.06 0.01 -0.005)
(-0.055 0.01 0)
(-0.06 0.01 0.005)
(-0.06 -0.005 0.01)
(-0.055 0 0.01)
(-0.06 0.005 0.01)
(-0.04 0.01 -0.005)
(-0.045 0.01 0)
(0.05 0 -0.005)
(0.05 -0.005 0)
(0.05 0.005 0)
(0.05 0 0.005)
(0.04 0.01 -0.005)
(0.045 0.01 0)
(0.06 0.01 -0.005)
(0.055 0.01 0)
(0.06 0.01 0.005)
(0.06 -0.005 0.01)
(0.055 0 0.01)
(0.06 0.005 0.01)
(-0.05 0.02 -0.005)
(-0.05 0.015 0)
(-0.05 0.025 0)
(-0.05 0.02 0.005)
(-0.055 0.02 0.01)
(-0.03 0.02 -0.005)
(-0.03 0.025 9.25186e-19)
(-0.03 0.02 0.005)
(-0.04 0.03 -0.005)
(-0.035 0.03 4.62593e-19)
(-0.04 0.03 0.005)
(-0.04 0.015 0.01)
(-0.045 0.02 0.01)
(-0.035 0.02 0.01)
(-0.04 0.025 0.01)
(-0.01 0.02 -0.005)
(-0.01 0.025 9.25186e-19)
(-0.01 0.02 0.005)
(-0.02 0.03 -0.005)
(-0.025 0.03 1.38778e-18)
(-0.015 0.03 1.38778e-18)
(-0.02 0.03 0.005)
(-0.025 0.02 0.01)
(-0.015 0.02 0.01)
(-0.02 0.025 0.01)
(0.01 0.02 -0.005)
(0.01 0.025 0)
(0.01 0.02 0.005)
(0 0.03 -0.005)
(-0.005 0.03 4.62593e-19)
(0.005 0.03 0)
(0 0.03 0.005)
(-0.005 0.02 0.01)
(0.005 0.02 0.01)
(0 0.025 0.01)
(0.03 0.02 -0.005)
(0.03 0.025 0)
(0.03 0.02 0.005)
(0.02 0.03 -0.005)
(0.015 0.03 0)
(0.025 0.03 0)
(0.02 0.03 0.005)
(0.015 0.02 0.01)
(0.025 0.02 0.01)
(0.02 0.025 0.01)
(0.05 0.02 -0.005)
(0.05 0.015 0)
(0.05 0.025 0)
(0.05 0.02 0.005)
(0.04 0.03 -0.005)
(0.035 0.03 0)
(0.04 0.03 0.005)
(0.04 0.015 0.01)
(0.035 0.02 0.01)
(0.045 0.02 0.01)
(0.04 0.025 0.01)
(0.06 0.015 0.01)
(0.055 0.02 0.01)
(-0.01 0.035 9.25186e-19)
(0.01 0.035 0)
(0 0.035 0.01)
(-0.02 -0.03 0.015)
(-0.025 -0.03 0.02)
(-0.015 -0.03 0.02)
(0 -0.03 0.015)
(-0.005 -0.03 0.02)
(0.005 -0.03 0.02)
(0 -0.03 0.025)
(0.02 -0.03 0.015)
(0.015 -0.03 0.02)
(-0.05 -0.02 0.015)
(-0.05 -0.015 0.02)
(-0.06 -0.01 0.015)
(-0.055 -0.01 0.02)
(-0.03 -0.02 0.015)
(-0.03 -0.025 0.02)
(-0.03 -0.015 0.02)
(-0.03 -0.02 0.025)
(-0.04 -0.01 0.015)
(-0.045 -0.01 0.02)
(-0.035 -0.01 0.02)
(-0.04 -0.01 0.025)
(-0.035 -0.02 0.03)
(-0.04 -0.015 0.03)
(-0.01 -0.02 0.015)
(-0.01 -0.025 0.02)
(-0.01 -0.015 0.02)
(-0.01 -0.02 0.025)
(-0.025 -0.01 0.02)
(-0.015 -0.01 0.02)
(-0.02 -0.01 0.025)
(-0.02 -0.025 0.03)
(-0.025 -0.02 0.03)
(-0.015 -0.02 0.03)
(-0.02 -0.015 0.03)
(0.01 -0.02 0.015)
(0.01 -0.025 0.02)
(0.01 -0.015 0.02)
(0.01 -0.02 0.025)
(0.005 -0.01 0.02)
(0 -0.01 0.025)
(0 -0.025 0.03)
(-0.005 -0.02 0.03)
(0.005 -0.02 0.03)
(0 -0.015 0.03)
(0.03 -0.02 0.015)
(0.03 -0.025 0.02)
(0.03 -0.015 0.02)
(0.03 -0.02 0.025)
(0.015 -0.01 0.02)
(0.025 -0.01 0.02)
(0.02 -0.01 0.025)
(0.02 -0.025 0.03)
(0.015 -0.02 0.03)
(0.025 -0.02 0.03)
(0.02 -0.015 0.03)
(0.05 -0.02 0.015)
(0.05 -0.015 0.02)
(0.04 -0.01 0.015)
(0.035 -0.01 0.02)
(0.045 -0.01 0.02)
(0.04 -0.01 0.025)
(0.04 -0.015 0.03)
(0.06 -0.01 0.015)
(0.055 -0.01 0.02)
(-0.05 0 0.015)
(-0.05 -0.005 0.02)
(-0.05 0.005 0.02)
(-0.05 0 0.025)
(-0.06 0.01 0.015)
(-0.055 0.01 0.02)
(-0.03 -0.005 0.02)
(-0.03 0.005 0.02)
(-0.03 9.25186e-19 0.025)
(-0.04 0.01 0.015)
(-0.045 0.01 0.02)
(-0.035 0.01 0.02)
(-0.04 0.01 0.025)
(-0.04 -0.005 0.03)
(-0.045 0 0.03)
(-0.035 4.62593e-19 0.03)
(-0.04 0.005 0.03)
(-0.025 0.01 0.02)
(-0.02 0.01 0.025)
(-0.02 -0.005 0.03)
(-0.025 1.38778e-18 0.03)
(-0.015 1.38778e-18 0.03)
(-0.02 0.005 0.03)
(0 -0.005 0.03)
(-0.005 4.62593e-19 0.03)
(0.005 0 0.03)
(0 0.005 0.03)
(0.03 -0.005 0.02)
(0.03 0.005 0.02)
(0.03 0 0.025)
(0.015 0.01 0.02)
(0.025 0.01 0.02)
(0.02 0.01 0.025)
(0.02 -0.005 0.03)
(0.015 0 0.03)
(0.025 0 0.03)
(0.02 0.005 0.03)
(0.05 0 0.015)
(0.05 -0.005 0.02)
(0.05 0.005 0.02)
(0.05 0 0.025)
(0.04 0.01 0.015)
(0.035 0.01 0.02)
(0.045 0.01 0.02)
(0.04 0.01 0.025)
(0.04 -0.005 0.03)
(0.035 0 0.03)
(0.045 0 0.03)
(0.04 0.005 0.03)
(0.06 0.01 0.015)
(0.055 0.01 0.02)
(-0.05 0.02 0.015)
(-0.05 0.015 0.02)
(-0.03 0.02 0.015)
(-0.03 0.015 0.02)
(-0.03 0.025 0.02)
(-0.03 0.02 0.025)
(-0.04 0.015 0.03)
(-0.035 0.02 0.03)
(-0.01 0.02 0.015)
(-0.01 0.025 0.02)
(-0.01 0.02 0.025)
(-0.02 0.03 0.015)
(-0.025 0.03 0.02)
(-0.015 0.03 0.02)
(-0.02 0.015 0.03)
(-0.025 0.02 0.03)
(-0.015 0.02 0.03)
(-0.02 0.025 0.03)
(0.01 0.02 0.015)
(0.01 0.015 0.02)
(0.01 0.025 0.02)
(0.01 0.02 0.025)
(0 0.03 0.015)
(-0.005 0.03 0.02)
(0.005 0.03 0.02)
(0 0.03 0.025)
(0 0.015 0.03)
(-0.005 0.02 0.03)
(0.005 0.02 0.03)
(0 0.025 0.03)
(0.03 0.02 0.015)
(0.03 0.015 0.02)
(0.03 0.025 0.02)
(0.03 0.02 0.025)
(0.02 0.03 0.015)
(0.015 0.03 0.02)
(0.025 0.03 0.02)
(0.02 0.03 0.025)
(0.02 0.015 0.03)
(0.015 0.02 0.03)
(0.025 0.02 0.03)
(0.02 0.025 0.03)
(0.05 0.02 0.015)
(0.05 0.015 0.02)
(0.04 0.015 0.03)
(0.035 0.02 0.03)
(-0.01 -0.02 0.035)
(-0.02 -0.01 0.035)
(0.01 -0.02 0.035)
(0 -0.01 0.035)
(-0.005 -0.01 0.04)
(0.005 -0.01 0.04)
(0.02 -0.01 0.035)
(-0.03 9.25186e-19 0.035)
(-0.01 9.25186e-19 0.035)
(-0.01 -0.005 0.04)
(-0.01 0.005 0.04)
(-0.02 0.01 0.035)
(-0.015 0.01 0.04)
(0.01 0 0.035)
(0.01 -0.005 0.04)
(0.01 0.005 0.04)
(0 0.01 0.035)
(-0.005 0.01 0.04)
(0.005 0.01 0.04)
(0.03 0 0.035)
(0.02 0.01 0.035)
(0.015 0.01 0.04)
(-0.01 0.02 0.035)
(-0.01 0.015 0.04)
(0.01 0.02 0.035)
(0.045 -0.02 -0.025)
(0.045 -0.025 -0.02)
(-0.035 -0.015 -0.03)
(-0.015 -0.02 -0.035)
(-0.02 -0.015 -0.035)
(-0.01 -0.015 -0.035)
(-0.015 -0.01 -0.035)
(-0.015 -0.015 -0.03)
(0.005 -0.02 -0.035)
(0 -0.015 -0.035)
(0.01 -0.015 -0.035)
(0.005 -0.01 -0.035)
(0.005 -0.015 -0.03)
(0.02 -0.015 -0.035)
(0.03 -0.015 -0.035)
(0.025 -0.01 -0.035)
(0.025 -0.015 -0.03)
(0.045 -0.015 -0.03)
(-0.035 -9.25186e-19 -0.035)
(-0.03 0.005 -0.035)
(-0.035 0.01 -0.035)
(-0.035 0.005 -0.03)
(-0.015 0.005 -0.04)
(-0.015 3.46945e-19 -0.035)
(-0.02 0.005 -0.035)
(-0.01 0.005 -0.035)
(-0.015 0.01 -0.035)
(-0.015 0.005 -0.03)
(0.005 0.005 -0.04)
(0.005 0 -0.035)
(0 0.005 -0.035)
(0.01 0.005 -0.035)
(0.005 0.01 -0.035)
(0.005 0.005 -0.03)
(0.025 -1.73472e-19 -0.035)
(0.02 0.005 -0.035)
(0.03 0.005 -0.035)
(0.025 0.01 -0.035)
(0.025 0.005 -0.03)
(0.045 0.005 -0.03)
(-0.045 0.02 -0.025)
(-0.015 0.02 -0.035)
(-0.015 0.025 -0.03)
(0.005 0.02 -0.035)
(0.005 0.025 -0.03)
(0.045 0.02 -0.025)
(-0.035 -0.03 -0.015)
(-0.015 -0.03 -0.015)
(-0.015 -0.035 -0.01)
(0.005 -0.03 -0.015)
(0.005 -0.035 -0.01)
(0.025 -0.03 -0.015)
(-0.05 -0.015 -0.015)
(-0.055 -0.01 -0.015)
(-0.055 -0.015 -0.01)
(-0.035 -0.015 -0.02)
(-0.035 -0.02 -0.015)
(-0.04 -0.015 -0.015)
(0 -0.01 -0.01)
(-0.01 4.62593e-19 -0.01)
(-0.01 -0.01 4.62593e-19)
(-0.015 -0.015 -0.02)
(-0.015 -0.02 -0.015)
(-0.005 -0.02 -0.015)
(-0.015 -0.02 -0.005)
(-0.005 -0.02 -0.005)
(0.01 0 -0.01)
(0.01 -0.01 0)
(0.015 -0.015 -0.02)
(0.005 -0.02 -0.015)
(0.015 -0.02 -0.015)
(0.005 -0.02 -0.005)
(0.015 -0.02 -0.005)
(0.025 -0.015 -0.02)
(0.025 -0.02 -0.015)
(0.045 -0.015 -0.02)
(0.045 -0.02 -0.015)
(0.04 -0.015 -0.015)
(0.05 -0.015 -0.015)
(0.045 -0.01 -0.015)
(0.045 -0.015 -0.01)
(0.06 -0.015 -0.015)
(-0.055 0.005 -0.02)
(-0.055 0 -0.015)
(-0.06 0.005 -0.015)
(-0.05 0.005 -0.015)
(-0.055 0.01 -0.015)
(-0.055 0.005 -0.01)
(-0.035 0.005 -0.02)
(0 0.01 -0.01)
(-0.015 0.02 -0.015)
(-0.01 0.01 4.62593e-19)
(-0.015 0.015 -0.02)
(-0.005 0.02 -0.015)
(-0.015 0.02 -0.005)
(-0.005 0.02 -0.005)
(0.005 0.02 -0.015)
(0.01 0.01 0)
(0.015 0.015 -0.02)
(0.015 0.02 -0.015)
(0.005 0.02 -0.005)
(0.015 0.02 -0.005)
(0.045 0.005 -0.02)
(0.05 0.005 -0.015)
(0.045 0.01 -0.015)
(0.06 0.005 -0.015)
(-0.035 0.025 -0.02)
(-0.035 0.02 -0.015)
(-0.04 0.025 -0.015)
(-0.03 0.025 -0.015)
(-0.035 0.03 -0.015)
(-0.035 0.025 -0.01)
(-0.015 0.025 -0.02)
(-0.02 0.025 -0.015)
(-0.01 0.025 -0.015)
(-0.015 0.03 -0.015)
(-0.015 0.025 -0.01)
(0.005 0.025 -0.02)
(0 0.025 -0.015)
(0.01 0.025 -0.015)
(0.005 0.03 -0.015)
(0.005 0.025 -0.01)
(0.025 0.025 -0.02)
(0.025 0.02 -0.015)
(0.02 0.025 -0.015)
(0.03 0.025 -0.015)
(0.025 0.03 -0.015)
(0.025 0.025 -0.01)
(0.045 0.02 -0.015)
(0.04 0.025 -0.015)
(0.045 0.025 -0.01)
(-0.035 -0.03 0.005)
(-0.015 -0.035 3.46945e-19)
(-0.01 -0.035 0.005)
(-0.015 -0.03 0.005)
(0.005 -0.035 0)
(0 -0.035 0.005)
(0.01 -0.035 0.005)
(0.005 -0.03 0.005)
(0.005 -0.035 0.01)
(0.025 -0.03 0.005)
(-0.055 -0.015 0)
(-0.055 -0.02 0.005)
(-0.06 -0.015 0.005)
(-0.05 -0.015 0.005)
(-0.055 -0.01 0.005)
(-0.055 -0.015 0.01)
(-0.035 -0.02 0.005)
(-0.04 -0.015 0.005)
(0 -0.01 0.01)
(-0.01 4.62593e-19 0.01)
(-0.015 -0.015 0.02)
(-0.015 -0.02 0.005)
(-0.005 -0.02 0.005)
(-0.015 -0.02 0.015)
(-0.005 -0.02 0.015)
(0.01 0 0.01)
(0.005 -0.015 0.02)
(0.005 -0.02 0.005)
(0.015 -0.02 0.005)
(0.005 -0.02 0.015)
(0.015 -0.02 0.015)
(0.015 -0.015 0.02)
(0.025 -0.02 0.005)
(0.045 -0.015 0)
(0.045 -0.02 0.005)
(0.04 -0.015 0.005)
(0.05 -0.015 0.005)
(0.045 -0.01 0.005)
(0.045 -0.015 0.01)
(0.06 -0.015 0.005)
(-0.055 0.005 0)
(-0.055 0 0.005)
(-0.06 0.005 0.005)
(-0.05 0.005 0.005)
(-0.055 0.01 0.005)
(-0.055 0.005 0.01)
(0 0.01 0.01)
(-0.015 0.02 0.005)
(-0.005 0.02 0.005)
(-0.015 0.02 0.015)
(-0.005 0.02 0.015)
(0.005 0.02 0.005)
(0.015 0.02 0.005)
(0.005 0.02 0.015)
(0.015 0.02 0.015)
(0.015 0.015 0.02)
(0.05 0.005 0.005)
(0.06 0.005 0.005)
(-0.055 0.02 0.005)
(-0.05 0.025 0.005)
(-0.035 0.025 4.62593e-19)
(-0.035 0.02 0.005)
(-0.04 0.025 0.005)
(-0.03 0.025 0.005)
(-0.035 0.03 0.005)
(-0.035 0.025 0.01)
(-0.015 0.025 1.38778e-18)
(-0.02 0.025 0.005)
(-0.01 0.025 0.005)
(-0.015 0.03 0.005)
(-0.015 0.025 0.01)
(0.005 0.025 0)
(0 0.025 0.005)
(0.01 0.025 0.005)
(0.005 0.03 0.005)
(0.005 0.025 0.01)
(0.025 0.025 0)
(0.025 0.02 0.005)
(0.02 0.025 0.005)
(0.03 0.025 0.005)
(0.025 0.03 0.005)
(0.025 0.025 0.01)
(0.045 0.025 0)
(0.045 0.02 0.005)
(0.04 0.025 0.005)
(0.05 0.025 0.005)
(0.045 0.025 0.01)
(-0.045 -0.02 0.025)
(0.005 -0.03 0.025)
(-0.055 -0.015 0.02)
(-0.05 -0.015 0.025)
(-0.035 -0.015 0.02)
(-0.035 -0.02 0.025)
(-0.04 -0.015 0.025)
(-0.03 -0.015 0.025)
(-0.035 -0.01 0.025)
(-0.035 -0.015 0.03)
(-0.015 -0.02 0.025)
(-0.02 -0.015 0.025)
(-0.01 -0.015 0.025)
(-0.015 -0.01 0.025)
(-0.015 -0.015 0.03)
(0.005 -0.02 0.025)
(0 -0.015 0.025)
(0.01 -0.015 0.025)
(0.005 -0.01 0.025)
(0.005 -0.015 0.03)
(0.025 -0.015 0.02)
(0.025 -0.02 0.025)
(0.02 -0.015 0.025)
(0.03 -0.015 0.025)
(0.025 -0.01 0.025)
(0.025 -0.015 0.03)
(0.045 -0.015 0.02)
(0.04 -0.015 0.025)
(0.045 -0.01 0.025)
(-0.055 0.005 0.02)
(-0.05 0.005 0.025)
(-0.035 0.005 0.02)
(-0.035 4.62593e-19 0.025)
(-0.04 0.005 0.025)
(-0.03 0.005 0.025)
(-0.035 0.01 0.025)
(-0.035 0.005 0.03)
(-0.015 0.005 0.03)
(0.005 0.005 0.03)
(0.03 0.005 0.025)
(0.025 0.01 0.025)
(0.025 0.005 0.03)
(0.045 0.005 0.02)
(0.045 0 0.025)
(0.04 0.005 0.025)
(0.05 0.005 0.025)
(0.045 0.01 0.025)
(0.045 0.005 0.03)
(-0.045 0.025 0.02)
(-0.045 0.02 0.025)
(-0.035 0.025 0.02)
(-0.035 0.02 0.025)
(-0.03 0.025 0.025)
(-0.015 0.025 0.02)
(-0.015 0.02 0.025)
(-0.02 0.025 0.025)
(-0.01 0.025 0.025)
(-0.015 0.03 0.025)
(-0.015 0.025 0.03)
(0.005 0.025 0.02)
(0.005 0.02 0.025)
(0 0.025 0.025)
(0.01 0.025 0.025)
(0.005 0.03 0.025)
(0.005 0.025 0.03)
(0.025 0.025 0.02)
(0.025 0.02 0.025)
(0.02 0.025 0.025)
(0.03 0.025 0.025)
(0.025 0.025 0.03)
(0.045 0.02 0.025)
(-0.015 0.005 0.04)
(0.005 0.005 0.04)
(-0.015 -0.005 -0.04)
(-0.005 -0.005 -0.04)
(0.005 -0.005 -0.04)
(0.015 -0.005 -0.04)
(-0.005 0.005 -0.04)
(0.015 0.005 -0.04)
(-0.03 -0.025 -0.025)
(-0.035 -0.02 -0.025)
(-0.035 -0.025 -0.02)
(-0.02 -0.025 -0.025)
(-0.025 -0.02 -0.025)
(-0.025 -0.025 -0.02)
(-0.015 -0.025 -0.03)
(-0.005 -0.025 -0.03)
(-0.005 -0.02 -0.035)
(-0.005 -0.03 -0.025)
(-0.01 -0.025 -0.025)
(-0.015 -0.02 -0.025)
(-0.015 -0.025 -0.02)
(0 -0.025 -0.025)
(-0.005 -0.02 -0.025)
(-0.005 -0.025 -0.02)
(0.005 -0.025 -0.03)
(0.015 -0.025 -0.03)
(0.015 -0.02 -0.035)
(0.005 -0.03 -0.025)
(0.01 -0.025 -0.025)
(0.005 -0.02 -0.025)
(0.005 -0.025 -0.02)
(0.02 -0.025 -0.025)
(0.015 -0.02 -0.025)
(0.015 -0.025 -0.02)
(0.03 -0.025 -0.025)
(0.025 -0.02 -0.025)
(0.025 -0.025 -0.02)
(0.035 -0.02 -0.025)
(0.035 -0.025 -0.02)
(-0.045 -0.005 -0.03)
(-0.045 -0.01 -0.025)
(-0.04 -0.015 -0.025)
(-0.045 -0.015 -0.02)
(-0.05 -0.005 -0.025)
(-0.055 -0.005 -0.02)
(-0.04 -0.005 -0.025)
(-0.045 -2.31296e-19 -0.025)
(-0.045 -0.005 -0.02)
(-0.025 -0.01 -0.035)
(-0.025 -0.015 -0.03)
(-0.03 -0.005 -0.035)
(-0.035 -0.005 -0.03)
(-0.025 -0.005 -0.03)
(-0.02 -0.005 -0.035)
(-0.025 1.56733e-34 -0.035)
(-0.03 -0.015 -0.025)
(-0.035 -0.01 -0.025)
(-0.025 -0.01 -0.025)
(-0.02 -0.015 -0.025)
(-0.025 -0.015 -0.02)
(-0.03 -0.005 -0.025)
(-0.035 5.87747e-35 -0.025)
(-0.035 -0.005 -0.02)
(-0.005 -0.01 -0.035)
(-0.005 -0.015 -0.03)
(-0.01 -0.005 -0.035)
(-0.015 -0.005 -0.03)
(-0.005 -0.005 -0.03)
(0 -0.005 -0.035)
(-0.005 1.15648e-19 -0.035)
(-0.01 -0.015 -0.025)
(-0.015 -0.01 -0.025)
(0.015 -0.01 -0.035)
(0.015 -0.015 -0.03)
(0.01 -0.005 -0.035)
(0.005 -0.005 -0.03)
(0.015 -0.005 -0.03)
(0.02 -0.005 -0.035)
(0.015 0 -0.035)
(0.01 -0.015 -0.025)
(0.015 -0.01 -0.025)
(0.02 -0.015 -0.025)
(0.035 -0.01 -0.035)
(0.035 -0.015 -0.03)
(0.03 -0.005 -0.035)
(0.025 -0.005 -0.03)
(0.035 -0.005 -0.03)
(0.035 -5.20417e-19 -0.035)
(0.03 -0.015 -0.025)
(0.025 -0.01 -0.025)
(0.035 -0.01 -0.025)
(0.04 -0.015 -0.025)
(0.035 -0.015 -0.02)
(0.03 -0.005 -0.025)
(0.04 -0.005 -0.025)
(0.035 -1.73472e-19 -0.025)
(0.035 -0.005 -0.02)
(0.045 -0.005 -0.03)
(0.05 -0.015 -0.025)
(0.045 -0.01 -0.025)
(0.055 -0.015 -0.02)
(0.05 -0.005 -0.025)
(0.045 -1.73472e-19 -0.025)
(0.045 -0.005 -0.02)
(0.055 -0.005 -0.02)
(-0.045 0.005 -0.03)
(-0.045 0.015 -0.03)
(-0.05 0.005 -0.025)
(-0.045 0.01 -0.025)
(-0.04 0.005 -0.025)
(-0.045 0.005 -0.02)
(-0.05 0.015 -0.025)
(-0.055 0.015 -0.02)
(-0.04 0.015 -0.025)
(-0.045 0.015 -0.02)
(-0.025 0.01 -0.035)
(-0.025 0.005 -0.03)
(-0.03 0.015 -0.035)
(-0.035 0.015 -0.03)
(-0.025 0.015 -0.03)
(-0.02 0.015 -0.035)
(-0.03 0.005 -0.025)
(-0.035 0.01 -0.025)
(-0.025 0.01 -0.025)
(-0.03 0.015 -0.025)
(-0.035 0.02 -0.025)
(-0.035 0.015 -0.02)
(-0.02 0.015 -0.025)
(-0.025 0.02 -0.025)
(-0.025 0.015 -0.02)
(-0.005 0.01 -0.035)
(-0.005 0.005 -0.03)
(-0.01 0.015 -0.035)
(-0.015 0.015 -0.03)
(-0.005 0.015 -0.03)
(0 0.015 -0.035)
(-0.005 0.02 -0.035)
(-0.015 0.01 -0.025)
(-0.01 0.015 -0.025)
(-0.015 0.02 -0.025)
(-0.005 0.02 -0.025)
(0.015 0.01 -0.035)
(0.015 0.005 -0.03)
(0.01 0.015 -0.035)
(0.005 0.015 -0.03)
(0.015 0.015 -0.03)
(0.02 0.015 -0.035)
(0.015 0.02 -0.035)
(0.015 0.01 -0.025)
(0.01 0.015 -0.025)
(0.005 0.02 -0.025)
(0.02 0.015 -0.025)
(0.015 0.02 -0.025)
(0.035 0.01 -0.035)
(0.035 0.005 -0.03)
(0.03 0.015 -0.035)
(0.025 0.015 -0.03)
(0.035 0.015 -0.03)
(0.03 0.005 -0.025)
(0.025 0.01 -0.025)
(0.035 0.01 -0.025)
(0.04 0.005 -0.025)
(0.035 0.005 -0.02)
(0.03 0.015 -0.025)
(0.025 0.02 -0.025)
(0.025 0.015 -0.02)
(0.04 0.015 -0.025)
(0.035 0.02 -0.025)
(0.035 0.015 -0.02)
(0.045 0.015 -0.03)
(0.05 0.005 -0.025)
(0.045 0.01 -0.025)
(0.055 0.005 -0.02)
(0.05 0.015 -0.025)
(0.045 0.015 -0.02)
(0.055 0.015 -0.02)
(-0.025 0.025 -0.03)
(-0.03 0.025 -0.025)
(-0.02 0.025 -0.025)
(-0.025 0.025 -0.02)
(-0.005 0.025 -0.03)
(-0.01 0.025 -0.025)
(-0.015 0.03 -0.025)
(-0.005 0.03 -0.025)
(0 0.025 -0.025)
(-0.005 0.025 -0.02)
(0.015 0.025 -0.03)
(0.01 0.025 -0.025)
(0.005 0.03 -0.025)
(0.02 0.025 -0.025)
(0.015 0.025 -0.02)
(0.03 0.025 -0.025)
(0.035 0.025 -0.02)
(-0.045 -0.025 -0.01)
(-0.04 -0.025 -0.015)
(-0.045 -0.02 -0.015)
(-0.05 -0.025 -0.005)
(-0.055 -0.02 -0.005)
(-0.04 -0.025 -0.005)
(-0.045 -0.02 -0.005)
(-0.045 -0.025 -2.31296e-19)
(-0.025 -0.03 -0.015)
(-0.03 -0.025 -0.015)
(-0.035 -0.025 -0.01)
(-0.025 -0.025 -0.01)
(-0.02 -0.025 -0.015)
(-0.025 -0.02 -0.015)
(-0.035 -0.03 -0.005)
(-0.025 -0.03 -0.005)
(-0.03 -0.025 -0.005)
(-0.035 -0.02 -0.005)
(-0.035 -0.025 1.56733e-34)
(-0.02 -0.025 -0.005)
(-0.025 -0.02 -0.005)
(-0.025 -0.025 9.25186e-19)
(-0.005 -0.03 -0.015)
(-0.005 -0.035 -0.01)
(-0.01 -0.025 -0.015)
(-0.015 -0.025 -0.01)
(-0.005 -0.025 -0.01)
(0 -0.025 -0.015)
(-0.01 -0.035 -0.005)
(-0.015 -0.03 -0.005)
(-0.005 -0.03 -0.005)
(0 -0.035 -0.005)
(-0.005 -0.035 1.15648e-19)
(-0.01 -0.025 -0.005)
(-0.015 -0.025 1.04083e-18)
(0 -0.025 -0.005)
(-0.005 -0.025 3.46945e-19)
(0.015 -0.03 -0.015)
(0.01 -0.025 -0.015)
(0.005 -0.025 -0.01)
(0.015 -0.025 -0.01)
(0.02 -0.025 -0.015)
(0.01 -0.035 -0.005)
(0.005 -0.03 -0.005)
(0.015 -0.03 -0.005)
(0.01 -0.025 -0.005)
(0.005 -0.025 0)
(0.02 -0.025 -0.005)
(0.015 -0.025 0)
(0.035 -0.03 -0.015)
(0.03 -0.025 -0.015)
(0.025 -0.025 -0.01)
(0.035 -0.025 -0.01)
(0.04 -0.025 -0.015)
(0.035 -0.02 -0.015)
(0.025 -0.03 -0.005)
(0.035 -0.03 -0.005)
(0.03 -0.025 -0.005)
(0.025 -0.02 -0.005)
(0.025 -0.025 -5.78241e-20)
(0.04 -0.025 -0.005)
(0.035 -0.02 -0.005)
(0.035 -0.025 -1.73472e-19)
(0.045 -0.025 -0.01)
(0.055 -0.02 -0.015)
(0.05 -0.025 -0.005)
(0.045 -0.02 -0.005)
(0.045 -0.025 -1.73472e-19)
(0.055 -0.02 -0.005)
(-0.06 -0.005 -0.015)
(-0.06 -0.015 -0.005)
(-0.06 -0.005 -0.005)
(-0.045 -0.01 -0.015)
(-0.045 -0.015 -0.01)
(-0.05 -0.005 -0.015)
(-0.055 -0.005 -0.01)
(-0.05 -0.015 -0.005)
(-0.055 -0.01 -0.005)
(-0.045 -0.015 0)
(-0.05 -0.005 -0.005)
(-0.055 0 -0.005)
(-0.055 -0.005 0)
(0.04 -0.015 -0.005)
(0.055 -0.01 -0.015)
(0.055 -0.015 -0.01)
(0.05 -0.005 -0.015)
(0.055 -0.005 -0.01)
(0.06 -0.005 -0.015)
(0.055 0 -0.015)
(0.05 -0.015 -0.005)
(0.045 -0.01 -0.005)
(0.055 -0.01 -0.005)
(0.06 -0.015 -0.005)
(0.055 -0.015 0)
(0.05 -0.005 -0.005)
(0.06 -0.005 -0.005)
(0.055 0 -0.005)
(0.055 -0.005 0)
(-0.06 0.005 -0.005)
(-0.06 0.015 -0.005)
(-0.045 0.01 -0.015)
(-0.05 0.015 -0.015)
(-0.055 0.015 -0.01)
(-0.045 0.015 -0.01)
(-0.04 0.015 -0.015)
(-0.045 0.02 -0.015)
(-0.05 0.005 -0.005)
(-0.055 0.01 -0.005)
(-0.045 0.01 -0.005)
(-0.05 0.015 -0.005)
(-0.055 0.02 -0.005)
(-0.055 0.015 0)
(-0.04 0.015 -0.005)
(-0.045 0.02 -0.005)
(-0.045 0.015 0)
(-0.025 0.02 -0.015)
(-0.035 0.02 -0.005)
(-0.025 0.02 -0.005)
(0.04 0.015 -0.015)
(0.035 0.02 -0.015)
(0.025 0.02 -0.005)
(0.04 0.015 -0.005)
(0.035 0.02 -0.005)
(0.055 0.01 -0.015)
(0.055 0.005 -0.01)
(0.05 0.015 -0.015)
(0.045 0.015 -0.01)
(0.055 0.015 -0.01)
(0.05 0.005 -0.005)
(0.045 0.01 -0.005)
(0.055 0.01 -0.005)
(0.06 0.005 -0.005)
(0.055 0.005 0)
(0.05 0.015 -0.005)
(0.045 0.02 -0.005)
(0.045 0.015 0)
(0.06 0.015 -0.005)
(0.055 0.02 -0.005)
(0.055 0.015 0)
(-0.045 0.025 -0.01)
(-0.05 0.025 -0.005)
(-0.04 0.025 -0.005)
(-0.045 0.025 0)
(-0.025 0.03 -0.015)
(-0.025 0.025 -0.01)
(-0.03 0.025 -0.005)
(-0.035 0.03 -0.005)
(-0.025 0.03 -0.005)
(-0.02 0.025 -0.005)
(-0.025 0.025 1.38778e-18)
(-0.005 0.03 -0.015)
(-0.005 0.025 -0.01)
(-0.015 0.035 -0.01)
(-0.005 0.035 -0.01)
(-0.01 0.025 -0.005)
(-0.015 0.03 -0.005)
(-0.005 0.03 -0.005)
(0 0.025 -0.005)
(-0.005 0.025 4.62593e-19)
(-0.01 0.035 -0.005)
(-0.015 0.035 1.38778e-18)
(0 0.035 -0.005)
(-0.005 0.035 4.62593e-19)
(0.015 0.03 -0.015)
(0.015 0.025 -0.01)
(0.005 0.035 -0.01)
(0.01 0.025 -0.005)
(0.005 0.03 -0.005)
(0.015 0.03 -0.005)
(0.02 0.025 -0.005)
(0.015 0.025 0)
(0.01 0.035 -0.005)
(0.005 0.035 0)
(0.015 0.035 0)
(0.035 0.03 -0.015)
(0.035 0.025 -0.01)
(0.03 0.025 -0.005)
(0.025 0.03 -0.005)
(0.035 0.03 -0.005)
(0.04 0.025 -0.005)
(0.035 0.025 0)
(0.05 0.025 -0.005)
(-0.05 -0.025 0.005)
(-0.045 -0.025 0.01)
(-0.04 -0.025 0.005)
(-0.045 -0.02 0.005)
(-0.04 -0.025 0.015)
(-0.045 -0.02 0.015)
(-0.025 -0.03 0.005)
(-0.03 -0.025 0.005)
(-0.035 -0.025 0.01)
(-0.025 -0.025 0.01)
(-0.02 -0.025 0.005)
(-0.025 -0.02 0.005)
(-0.025 -0.03 0.015)
(-0.03 -0.025 0.015)
(-0.035 -0.02 0.015)
(-0.035 -0.025 0.02)
(-0.02 -0.025 0.015)
(-0.025 -0.02 0.015)
(-0.025 -0.025 0.02)
(-0.005 -0.03 0.005)
(-0.005 -0.035 0.01)
(-0.01 -0.025 0.005)
(-0.015 -0.025 0.01)
(-0.005 -0.025 0.01)
(0 -0.025 0.005)
(-0.015 -0.03 0.015)
(-0.005 -0.03 0.015)
(-0.01 -0.025 0.015)
(-0.015 -0.025 0.02)
(0 -0.025 0.015)
(-0.005 -0.025 0.02)
(0.015 -0.03 0.005)
(0.01 -0.025 0.005)
(0.005 -0.025 0.01)
(0.015 -0.025 0.01)
(0.02 -0.025 0.005)
(0.005 -0.03 0.015)
(0.015 -0.03 0.015)
(0.01 -0.025 0.015)
(0.005 -0.025 0.02)
(0.02 -0.025 0.015)
(0.015 -0.025 0.02)
(0.035 -0.03 0.005)
(0.03 -0.025 0.005)
(0.025 -0.025 0.01)
(0.035 -0.025 0.01)
(0.04 -0.025 0.005)
(0.035 -0.02 0.005)
(0.025 -0.03 0.015)
(0.03 -0.025 0.015)
(0.025 -0.02 0.015)
(0.025 -0.025 0.02)
(0.04 -0.025 0.015)
(0.035 -0.02 0.015)
(0.035 -0.025 0.02)
(0.045 -0.025 0.01)
(0.055 -0.02 0.005)
(0.045 -0.02 0.015)
(-0.06 -0.005 0.005)
(-0.06 -0.005 0.015)
(-0.045 -0.01 0.005)
(-0.045 -0.015 0.01)
(-0.05 -0.005 0.005)
(-0.055 -0.005 0.01)
(-0.05 -0.015 0.015)
(-0.055 -0.01 0.015)
(-0.045 -0.01 0.015)
(-0.04 -0.015 0.015)
(-0.045 -0.015 0.02)
(-0.05 -0.005 0.015)
(-0.055 0 0.015)
(-0.055 -0.005 0.02)
(-0.045 -0.005 0.02)
(-0.025 -0.015 0.02)
(-0.035 -0.005 0.02)
(0.035 -0.015 0.01)
(0.03 -0.015 0.015)
(0.035 -0.01 0.015)
(0.04 -0.015 0.015)
(0.035 -0.015 0.02)
(0.035 -0.005 0.02)
(0.055 -0.01 0.005)
(0.055 -0.015 0.01)
(0.05 -0.005 0.005)
(0.055 -0.005 0.01)
(0.06 -0.005 0.005)
(0.055 0 0.005)
(0.05 -0.015 0.015)
(0.045 -0.01 0.015)
(0.055 -0.01 0.015)
(0.05 -0.005 0.015)
(0.045 -0.005 0.02)
(0.06 -0.005 0.015)
(0.055 0 0.015)
(0.055 -0.005 0.02)
(-0.06 0.015 0.005)
(-0.06 0.005 0.015)
(-0.05 0.015 0.005)
(-0.055 0.015 0.01)
(-0.045 0.015 0.01)
(-0.045 0.02 0.005)
(-0.05 0.005 0.015)
(-0.055 0.01 0.015)
(-0.045 0.01 0.015)
(-0.045 0.005 0.02)
(-0.05 0.015 0.015)
(-0.055 0.015 0.02)
(-0.04 0.015 0.015)
(-0.045 0.02 0.015)
(-0.045 0.015 0.02)
(-0.025 0.02 0.005)
(-0.035 0.02 0.015)
(-0.035 0.015 0.02)
(-0.025 0.02 0.015)
(-0.025 0.015 0.02)
(0.035 0.02 0.005)
(0.035 0.005 0.02)
(0.025 0.02 0.015)
(0.025 0.015 0.02)
(0.04 0.015 0.015)
(0.035 0.02 0.015)
(0.035 0.015 0.02)
(0.055 0.01 0.005)
(0.055 0.005 0.01)
(0.05 0.015 0.005)
(0.045 0.015 0.01)
(0.055 0.015 0.01)
(0.06 0.015 0.005)
(0.055 0.02 0.005)
(0.05 0.005 0.015)
(0.045 0.01 0.015)
(0.055 0.01 0.015)
(0.06 0.005 0.015)
(0.055 0.005 0.02)
(0.05 0.015 0.015)
(0.045 0.02 0.015)
(0.045 0.015 0.02)
(-0.045 0.025 0.01)
(-0.04 0.025 0.015)
(-0.025 0.03 0.005)
(-0.025 0.025 0.01)
(-0.03 0.025 0.015)
(-0.035 0.03 0.015)
(-0.025 0.03 0.015)
(-0.02 0.025 0.015)
(-0.025 0.025 0.02)
(-0.005 0.03 0.005)
(-0.005 0.025 0.01)
(-0.01 0.035 0.005)
(-0.015 0.035 0.01)
(-0.005 0.035 0.01)
(0 0.035 0.005)
(-0.01 0.025 0.015)
(-0.015 0.03 0.015)
(-0.005 0.03 0.015)
(0 0.025 0.015)
(-0.005 0.025 0.02)
(0.015 0.03 0.005)
(0.015 0.025 0.01)
(0.01 0.035 0.005)
(0.005 0.035 0.01)
(0.015 0.035 0.01)
(0.01 0.025 0.015)
(0.005 0.03 0.015)
(0.015 0.03 0.015)
(0.02 0.025 0.015)
(0.015 0.025 0.02)
(0.035 0.03 0.005)
(0.035 0.025 0.01)
(0.03 0.025 0.015)
(0.025 0.03 0.015)
(0.035 0.03 0.015)
(0.04 0.025 0.015)
(0.035 0.025 0.02)
(-0.03 -0.025 0.025)
(-0.02 -0.025 0.025)
(-0.025 -0.02 0.025)
(-0.005 -0.03 0.025)
(-0.01 -0.025 0.025)
(-0.015 -0.025 0.03)
(-0.005 -0.025 0.03)
(0 -0.025 0.025)
(-0.005 -0.02 0.025)
(-0.015 -0.02 0.035)
(-0.005 -0.02 0.035)
(0.01 -0.025 0.025)
(0.005 -0.025 0.03)
(0.015 -0.025 0.03)
(0.02 -0.025 0.025)
(0.015 -0.02 0.025)
(0.005 -0.02 0.035)
(0.015 -0.02 0.035)
(0.03 -0.025 0.025)
(0.035 -0.02 0.025)
(-0.045 -0.01 0.025)
(-0.05 -0.005 0.025)
(-0.045 -0.005 0.03)
(-0.04 -0.005 0.025)
(-0.045 0 0.025)
(-0.025 -0.01 0.025)
(-0.025 -0.015 0.03)
(-0.03 -0.005 0.025)
(-0.035 -0.005 0.03)
(-0.025 -0.005 0.03)
(-0.03 -0.015 0.035)
(-0.035 -0.01 0.035)
(-0.025 -0.01 0.035)
(-0.02 -0.015 0.035)
(-0.03 -0.005 0.035)
(-0.035 4.62593e-19 0.035)
(-0.02 -0.005 0.035)
(-0.025 1.38778e-18 0.035)
(-0.005 -0.015 0.03)
(-0.015 -0.005 0.03)
(-0.005 -0.005 0.03)
(-0.01 -0.015 0.035)
(-0.015 -0.01 0.035)
(-0.005 -0.01 0.035)
(0 -0.015 0.035)
(-0.01 -0.005 0.035)
(-0.015 1.38778e-18 0.035)
(-0.015 -0.005 0.04)
(0 -0.005 0.035)
(-0.005 4.62593e-19 0.035)
(-0.005 -0.005 0.04)
(0.015 -0.01 0.025)
(0.015 -0.015 0.03)
(0.005 -0.005 0.03)
(0.015 -0.005 0.03)
(0.01 -0.015 0.035)
(0.005 -0.01 0.035)
(0.015 -0.01 0.035)
(0.02 -0.015 0.035)
(0.01 -0.005 0.035)
(0.005 0 0.035)
(0.005 -0.005 0.04)
(0.02 -0.005 0.035)
(0.015 0 0.035)
(0.015 -0.005 0.04)
(0.035 -0.01 0.025)
(0.035 -0.015 0.03)
(0.03 -0.005 0.025)
(0.025 -0.005 0.03)
(0.035 -0.005 0.03)
(0.04 -0.005 0.025)
(0.035 0 0.025)
(0.025 -0.01 0.035)
(0.03 -0.005 0.035)
(0.025 0 0.035)
(0.035 0 0.035)
(0.05 -0.005 0.025)
(0.045 -0.005 0.03)
(0.055 0 0.025)
(-0.045 0.01 0.025)
(-0.045 0.005 0.03)
(-0.05 0.015 0.025)
(-0.045 0.015 0.03)
(-0.04 0.015 0.025)
(-0.025 0.01 0.025)
(-0.025 0.005 0.03)
(-0.03 0.015 0.025)
(-0.035 0.015 0.03)
(-0.025 0.015 0.03)
(-0.02 0.015 0.025)
(-0.025 0.02 0.025)
(-0.03 0.005 0.035)
(-0.035 0.01 0.035)
(-0.025 0.01 0.035)
(-0.02 0.005 0.035)
(-0.03 0.015 0.035)
(-0.02 0.015 0.035)
(-0.025 0.02 0.035)
(-0.005 0.005 0.03)
(-0.015 0.015 0.03)
(-0.005 0.015 0.03)
(-0.005 0.02 0.025)
(-0.01 0.005 0.035)
(-0.015 0.01 0.035)
(-0.005 0.01 0.035)
(0 0.005 0.035)
(-0.005 0.005 0.04)
(-0.01 0.015 0.035)
(-0.015 0.02 0.035)
(-0.015 0.015 0.04)
(0 0.015 0.035)
(-0.005 0.02 0.035)
(-0.005 0.015 0.04)
(0.015 0.01 0.025)
(0.015 0.005 0.03)
(0.01 0.015 0.025)
(0.005 0.015 0.03)
(0.015 0.015 0.03)
(0.02 0.015 0.025)
(0.015 0.02 0.025)
(0.01 0.005 0.035)
(0.005 0.01 0.035)
(0.015 0.01 0.035)
(0.02 0.005 0.035)
(0.015 0.005 0.04)
(0.01 0.015 0.035)
(0.005 0.02 0.035)
(0.005 0.015 0.04)
(0.02 0.015 0.035)
(0.015 0.02 0.035)
(0.035 0.01 0.025)
(0.035 0.005 0.03)
(0.03 0.015 0.025)
(0.025 0.015 0.03)
(0.035 0.015 0.03)
(0.04 0.015 0.025)
(0.035 0.02 0.025)
(0.03 0.005 0.035)
(0.025 0.01 0.035)
(0.035 0.01 0.035)
(0.03 0.015 0.035)
(0.05 0.015 0.025)
(-0.025 0.025 0.03)
(-0.005 0.03 0.025)
(-0.005 0.025 0.03)
(0.015 0.03 0.025)
(0.015 0.025 0.03)
(-0.035 -0.015 -0.015)
(-0.015 -0.015 -0.015)
(0.005 -0.015 -0.015)
(0.025 -0.015 -0.015)
(-0.035 0.005 -0.015)
(-0.015 0.005 -0.015)
(0.005 0.005 -0.015)
(0.025 0.005 -0.015)
(0.045 0.005 -0.015)
(-0.035 -0.015 0.005)
(-0.015 -0.015 0.005)
(0.005 -0.015 0.005)
(0.025 -0.015 0.005)
(-0.035 0.005 0.005)
(-0.015 0.005 0.005)
(0.005 0.005 0.005)
(0.025 0.005 0.005)
(0.045 0.005 0.005)
(-0.015 0.005 0.025)
(0.005 0.005 0.025)
(0.025 0.005 0.025)
(-0.025 -0.005 -0.025)
(-0.005 -0.015 -0.025)
(-0.015 -0.005 -0.025)
(-0.005 -0.005 -0.025)
(0.005 -0.015 -0.025)
(0.005 -0.005 -0.025)
(0.015 -0.005 -0.025)
(0.025 -0.005 -0.025)
(-0.025 0.005 -0.025)
(-0.015 0.005 -0.025)
(-0.005 0.005 -0.025)
(-0.005 0.015 -0.025)
(0.005 0.005 -0.025)
(0.015 0.005 -0.025)
(0.005 0.015 -0.025)
(0.025 0.005 -0.025)
(-0.045 -0.005 -0.015)
(-0.045 -0.015 -0.005)
(-0.045 -0.005 -0.005)
(-0.025 -0.015 -0.015)
(-0.035 -0.005 -0.015)
(-0.025 -0.005 -0.015)
(-0.035 -0.015 -0.005)
(-0.025 -0.015 -0.005)
(-0.035 -0.005 -0.005)
(-0.025 -0.005 -0.005)
(0.035 -0.015 -0.015)
(0.025 -0.005 -0.015)
(0.035 -0.005 -0.015)
(0.025 -0.015 -0.005)
(0.035 -0.015 -0.005)
(0.025 -0.005 -0.005)
(0.035 -0.005 -0.005)
(0.045 -0.005 -0.015)
(0.045 -0.005 -0.005)
(-0.045 0.005 -0.015)
(-0.045 0.005 -0.005)
(-0.025 0.005 -0.015)
(-0.035 0.015 -0.015)
(-0.025 0.015 -0.015)
(-0.035 0.005 -0.005)
(-0.025 0.005 -0.005)
(-0.035 0.015 -0.005)
(-0.025 0.015 -0.005)
(0.035 0.005 -0.015)
(0.025 0.015 -0.015)
(0.035 0.015 -0.015)
(0.025 0.005 -0.005)
(0.035 0.005 -0.005)
(0.025 0.015 -0.005)
(0.035 0.015 -0.005)
(0.045 0.005 -0.005)
(-0.045 -0.005 0.005)
(-0.045 -0.005 0.015)
(-0.025 -0.015 0.005)
(-0.035 -0.005 0.005)
(-0.025 -0.005 0.005)
(-0.035 -0.015 0.015)
(-0.025 -0.015 0.015)
(-0.035 -0.005 0.015)
(-0.025 -0.005 0.015)
(0.035 -0.015 0.005)
(0.025 -0.005 0.005)
(0.035 -0.005 0.005)
(0.025 -0.015 0.015)
(0.025 -0.005 0.015)
(0.035 -0.005 0.015)
(0.045 -0.005 0.005)
(0.045 -0.005 0.015)
(-0.045 0.005 0.005)
(-0.045 0.015 0.005)
(-0.045 0.005 0.015)
(-0.025 0.005 0.005)
(-0.035 0.015 0.005)
(-0.025 0.015 0.005)
(-0.035 0.005 0.015)
(-0.025 0.005 0.015)
(-0.035 0.015 0.015)
(-0.025 0.015 0.015)
(0.035 0.005 0.005)
(0.025 0.015 0.005)
(0.035 0.015 0.005)
(0.025 0.005 0.015)
(0.035 0.005 0.015)
(0.025 0.015 0.015)
(0.035 0.015 0.015)
(0.045 0.015 0.005)
(0.045 0.005 0.015)
(-0.025 -0.005 0.025)
(-0.005 -0.015 0.025)
(-0.015 -0.005 0.025)
(-0.005 -0.005 0.025)
(0.005 -0.005 0.025)
(0.015 -0.005 0.025)
(0.025 -0.005 0.025)
(-0.025 0.005 0.025)
(-0.005 0.005 0.025)
(-0.015 0.015 0.025)
(-0.005 0.015 0.025)
(0.015 0.005 0.025)
(0.005 0.015 0.025)
(-0.005 -0.015 -0.015)
(-0.015 -0.005 -0.015)
(-0.005 -0.005 -0.015)
(-0.015 -0.015 -0.005)
(-0.005 -0.015 -0.005)
(-0.015 -0.005 -0.005)
(-0.005 -0.005 -0.005)
(0.015 -0.015 -0.015)
(0.005 -0.005 -0.015)
(0.015 -0.005 -0.015)
(0.005 -0.015 -0.005)
(0.015 -0.015 -0.005)
(0.005 -0.005 -0.005)
(0.015 -0.005 -0.005)
(-0.005 0.005 -0.015)
(-0.015 0.015 -0.015)
(-0.005 0.015 -0.015)
(-0.015 0.005 -0.005)
(-0.005 0.005 -0.005)
(-0.015 0.015 -0.005)
(-0.005 0.015 -0.005)
(0.015 0.005 -0.015)
(0.005 0.015 -0.015)
(0.015 0.015 -0.015)
(0.005 0.005 -0.005)
(0.015 0.005 -0.005)
(0.005 0.015 -0.005)
(0.015 0.015 -0.005)
(-0.005 -0.015 0.005)
(-0.015 -0.005 0.005)
(-0.005 -0.005 0.005)
(-0.015 -0.015 0.015)
(-0.005 -0.015 0.015)
(-0.015 -0.005 0.015)
(-0.005 -0.005 0.015)
(0.015 -0.015 0.005)
(0.005 -0.005 0.005)
(0.015 -0.005 0.005)
(0.005 -0.015 0.015)
(0.015 -0.015 0.015)
(0.005 -0.005 0.015)
(0.015 -0.005 0.015)
(-0.005 0.005 0.005)
(-0.015 0.015 0.005)
(-0.005 0.015 0.005)
(-0.015 0.005 0.015)
(-0.005 0.005 0.015)
(-0.015 0.015 0.015)
(-0.005 0.015 0.015)
(0.015 0.005 0.005)
(0.005 0.015 0.005)
(0.015 0.015 0.005)
(0.005 0.005 0.015)
(0.015 0.005 0.015)
(0.005 0.015 0.015)
(0.015 0.015 0.015)
(0 -0.015 -0.02)
(-0.04 0 -0.015)
(-0.02 1.38778e-18 -0.025)
(-0.02 -0.005 -0.02)
(-0.025 1.38778e-18 -0.02)
(-0.015 1.38778e-18 -0.02)
(-0.02 0.005 -0.02)
(-0.02 1.38778e-18 -0.015)
(0 0 -0.025)
(0 -0.005 -0.02)
(-0.005 4.62593e-19 -0.02)
(0.005 0 -0.02)
(0 0.005 -0.02)
(0 0 -0.015)
(0.02 0 -0.025)
(0.02 -0.005 -0.02)
(0.015 0 -0.02)
(0.025 0 -0.02)
(0.02 0.005 -0.02)
(0.02 0 -0.015)
(0.04 0 -0.015)
(0 0.015 -0.02)
(-0.02 -0.015 1.38778e-18)
(0 -0.015 0)
(0.02 -0.015 0)
(-0.04 0 -0.005)
(-0.04 -0.005 0)
(-0.045 0 0)
(-0.035 0 0)
(-0.04 0.005 0)
(-0.04 0 0.005)
(-0.02 4.62593e-19 -0.005)
(-0.02 -0.005 4.62593e-19)
(-0.025 0 0)
(-0.02 0.005 4.62593e-19)
(-0.02 4.62593e-19 0.005)
(-0.015 0 0)
(0 0 -0.005)
(0 -0.005 0)
(-0.005 0 0)
(0.005 0 0)
(0 0.005 0)
(0 0 0.005)
(0.02 0 -0.005)
(0.02 -0.005 0)
(0.025 0 0)
(0.02 0.005 0)
(0.02 0 0.005)
(0.015 0 0)
(0.04 0 -0.005)
(0.04 -0.005 0)
(0.035 0 0)
(0.045 0 0)
(0.04 0.005 0)
(0.04 0 0.005)
(-0.02 0.015 1.38778e-18)
(0 0.015 0)
(0.02 0.015 0)
(-0.04 0 0.015)
(-0.02 1.38778e-18 0.015)
(-0.02 -0.005 0.02)
(-0.025 1.38778e-18 0.02)
(-0.015 1.38778e-18 0.02)
(-0.02 0.005 0.02)
(-0.02 1.85037e-18 0.025)
(0 -0.005 0.02)
(-0.005 4.62593e-19 0.02)
(0.005 0 0.02)
(0 0.005 0.02)
(0 0 0.025)
(0 0 0.015)
(0.02 0 0.015)
(0.02 -0.005 0.02)
(0.015 0 0.02)
(0.025 0 0.02)
(0.02 0.005 0.02)
(0.02 0 0.025)
(0.04 0 0.015)
(0 0.015 0.02)
(-0.03 -0.01 -0.015)
(-0.03 -0.015 -0.01)
(-0.035 -0.01 -0.01)
(-0.025 -0.01 -0.01)
(-0.03 -0.005 -0.01)
(-0.03 -0.01 -0.005)
(0.03 -0.01 -0.015)
(0.03 -0.015 -0.01)
(0.025 -0.01 -0.01)
(0.035 -0.01 -0.01)
(0.03 -0.005 -0.01)
(0.03 -0.01 -0.005)
(-0.03 0.01 -0.015)
(-0.03 0.005 -0.01)
(-0.035 0.01 -0.01)
(-0.025 0.01 -0.01)
(-0.03 0.015 -0.01)
(-0.03 0.01 -0.005)
(0.03 0.01 -0.015)
(0.03 0.005 -0.01)
(0.025 0.01 -0.01)
(0.035 0.01 -0.01)
(0.03 0.015 -0.01)
(0.03 0.01 -0.005)
(-0.03 -0.01 0.005)
(-0.03 -0.015 0.01)
(-0.035 -0.01 0.01)
(-0.025 -0.01 0.01)
(-0.03 -0.005 0.01)
(-0.03 -0.01 0.015)
(0.03 -0.01 0.005)
(0.025 -0.01 0.01)
(0.03 -0.005 0.01)
(-0.03 0.01 0.005)
(-0.03 0.005 0.01)
(-0.035 0.01 0.01)
(-0.025 0.01 0.01)
(-0.03 0.015 0.01)
(-0.03 0.01 0.015)
(0.03 0.01 0.005)
(0.03 0.005 0.01)
(0.025 0.01 0.01)
(0.035 0.01 0.01)
(0.03 0.015 0.01)
(0.03 0.01 0.015)
(-0.01 0.01 0.025)
(-0.02 -0.01 -0.015)
(-0.02 -0.015 -0.01)
(0 -0.01 -0.025)
(-0.005 -0.01 -0.02)
(0.005 -0.01 -0.02)
(0 -0.01 -0.015)
(0 -0.015 -0.01)
(0.02 -0.01 -0.015)
(0.02 -0.015 -0.01)
(-0.03 6.93889e-19 -0.015)
(-0.04 -0.005 -0.01)
(-0.045 0 -0.01)
(-0.035 2.31296e-19 -0.01)
(-0.04 0.005 -0.01)
(-0.01 6.93889e-19 -0.025)
(-0.01 -0.005 -0.02)
(-0.01 0.005 -0.02)
(-0.01 6.93889e-19 -0.015)
(-0.02 0.01 -0.015)
(-0.02 -0.005 -0.01)
(-0.025 6.93889e-19 -0.01)
(-0.02 0.005 -0.01)
(-0.015 6.93889e-19 -0.01)
(0.01 0 -0.025)
(0.01 -0.005 -0.02)
(0.01 0.005 -0.02)
(0.01 0 -0.015)
(0 0.01 -0.025)
(-0.005 0.01 -0.02)
(0.005 0.01 -0.02)
(0 0.01 -0.015)
(0.03 0 -0.015)
(0.02 0.01 -0.015)
(0.02 -0.005 -0.01)
(0.025 0 -0.01)
(0.02 0.005 -0.01)
(0.015 0 -0.01)
(0.04 -0.005 -0.01)
(0.035 0 -0.01)
(0.045 0 -0.01)
(0.04 0.005 -0.01)
(-0.02 0.015 -0.01)
(0 0.015 -0.01)
(0.02 0.015 -0.01)
(-0.03 -0.015 6.93889e-19)
(-0.04 -0.01 -0.005)
(-0.035 -0.01 2.31296e-19)
(-0.01 -0.015 6.93889e-19)
(-0.02 -0.01 -0.005)
(-0.025 -0.01 6.93889e-19)
(-0.02 -0.01 0.005)
(-0.015 -0.01 6.93889e-19)
(-0.02 -0.015 0.01)
(0.01 -0.015 0)
(0 -0.015 0.01)
(0.03 -0.015 0)
(0.02 -0.01 -0.005)
(0.025 -0.01 0)
(0.02 -0.01 0.005)
(0.015 -0.01 0)
(0.02 -0.015 0.01)
(0.035 -0.01 0)
(-0.03 2.31296e-19 -0.005)
(-0.03 -0.005 2.31296e-19)
(-0.03 0.005 2.31296e-19)
(-0.03 2.31296e-19 0.005)
(-0.035 0.01 2.31296e-19)
(-0.04 0.01 0.005)
(-0.04 -0.005 0.01)
(-0.045 0 0.01)
(-0.035 2.31296e-19 0.01)
(-0.04 0.005 0.01)
(-0.02 0.01 -0.005)
(-0.025 0.01 6.93889e-19)
(-0.02 0.01 0.005)
(-0.015 0.01 6.93889e-19)
(-0.02 -0.005 0.01)
(-0.025 6.93889e-19 0.01)
(-0.02 0.005 0.01)
(-0.015 6.93889e-19 0.01)
(0.03 0 -0.005)
(0.03 -0.005 0)
(0.03 0.005 0)
(0.03 0 0.005)
(0.02 0.01 -0.005)
(0.025 0.01 0)
(0.02 0.01 0.005)
(0.015 0.01 0)
(0.02 -0.005 0.01)
(0.025 0 0.01)
(0.02 0.005 0.01)
(0.015 0 0.01)
(0.035 0.01 0)
(0.04 0.01 0.005)
(0.04 -0.005 0.01)
(0.035 0 0.01)
(0.045 0 0.01)
(0.04 0.005 0.01)
(-0.03 0.015 6.93889e-19)
(-0.01 0.015 6.93889e-19)
(-0.02 0.015 0.01)
(0.01 0.015 0)
(0 0.015 0.01)
(0.03 0.015 0)
(0.02 0.015 0.01)
(-0.02 -0.01 0.015)
(-0.005 -0.01 0.02)
(0 -0.01 0.015)
(0.02 -0.01 0.015)
(-0.03 6.93889e-19 0.015)
(-0.01 -0.005 0.02)
(-0.01 0.005 0.02)
(-0.01 9.25186e-19 0.025)
(-0.01 6.93889e-19 0.015)
(-0.02 0.01 0.015)
(-0.015 0.01 0.02)
(0.01 -0.005 0.02)
(0.01 0.005 0.02)
(0.01 0 0.025)
(0.01 0 0.015)
(-0.005 0.01 0.02)
(0.005 0.01 0.02)
(0 0.01 0.025)
(0 0.01 0.015)
(0.03 0 0.015)
(0.02 0.01 0.015)
(-0.01 0.015 0.02)
(-0.01 -0.01 -0.015)
(0.01 -0.01 -0.015)
(-0.01 0.01 -0.015)
(0.01 0.01 -0.015)
(-0.01 -0.015 -0.01)
(0.01 -0.015 -0.01)
(-0.015 -0.01 -0.01)
(0.015 -0.01 -0.01)
(-0.015 0.01 -0.01)
(-0.01 0.015 -0.01)
(0.015 0.01 -0.01)
(0.01 0.015 -0.01)
(-0.01 -0.015 0.01)
(0.01 -0.015 0.01)
(-0.015 -0.01 0.01)
(-0.01 -0.01 0.015)
(0.015 -0.01 0.01)
(0.01 -0.01 0.015)
(-0.015 0.01 0.01)
(-0.01 0.015 0.01)
(-0.01 0.01 0.015)
(0.015 0.01 0.01)
(0.01 0.015 0.01)
(0.01 0.01 0.015)
(-0.005 -0.01 -0.01)
(-0.01 -0.005 -0.01)
(-0.01 -0.01 -0.005)
(0.005 -0.01 -0.01)
(0.01 -0.005 -0.01)
(0.01 -0.01 -0.005)
(-0.01 0.005 -0.01)
(-0.005 0.01 -0.01)
(-0.01 0.01 -0.005)
(0.01 0.005 -0.01)
(0.005 0.01 -0.01)
(0.01 0.01 -0.005)
(-0.01 -0.01 0.005)
(-0.005 -0.01 0.01)
(-0.01 -0.005 0.01)
(0.01 -0.01 0.005)
(0.005 -0.01 0.01)
(0.01 -0.005 0.01)
(-0.01 0.01 0.005)
(-0.01 0.005 0.01)
(-0.005 0.01 0.01)
(0.01 0.01 0.005)
(0.01 0.005 0.01)
(0.005 0.01 0.01)
(0 -0.005 -0.01)
(-0.005 2.31296e-19 -0.01)
(0.005 0 -0.01)
(0 0.005 -0.01)
(0 -0.01 -0.005)
(-0.005 -0.01 2.31296e-19)
(0.005 -0.01 0)
(0 -0.01 0.005)
(-0.01 2.31296e-19 -0.005)
(-0.01 -0.005 2.31296e-19)
(-0.01 0.005 2.31296e-19)
(-0.01 2.31296e-19 0.005)
(0.01 0 -0.005)
(0.01 -0.005 0)
(0.01 0.005 0)
(0.01 0 0.005)
(0 0.01 -0.005)
(-0.005 0.01 2.31296e-19)
(0.005 0.01 0)
(0 0.01 0.005)
(0 -0.005 0.01)
(-0.005 2.31296e-19 0.01)
(0.005 0 0.01)
(0 0.005 0.01)
(-0.03 -0.015 -0.015)
(-0.035 -0.01 -0.015)
(-0.035 -0.015 -0.01)
(-0.02 -0.015 -0.015)
(-0.01 -0.015 -0.015)
(-0.015 -0.01 -0.015)
(-0.015 -0.015 -0.01)
(0.005 -0.015 -0.02)
(0 -0.015 -0.015)
(0.01 -0.015 -0.015)
(0.005 -0.01 -0.015)
(0.005 -0.015 -0.01)
(0.03 -0.015 -0.015)
(0.025 -0.01 -0.015)
(0.025 -0.015 -0.01)
(0.02 -0.015 -0.015)
(-0.035 3.46945e-19 -0.015)
(-0.04 0.005 -0.015)
(-0.03 0.005 -0.015)
(-0.035 0.01 -0.015)
(-0.035 0.005 -0.01)
(-0.015 0.005 -0.02)
(-0.02 0.005 -0.015)
(-0.015 1.04083e-18 -0.015)
(-0.01 0.005 -0.015)
(-0.015 0.01 -0.015)
(-0.015 0.005 -0.01)
(0.005 0.005 -0.02)
(0.005 0 -0.015)
(0 0.005 -0.015)
(0.01 0.005 -0.015)
(0.005 0.01 -0.015)
(0.005 0.005 -0.01)
(0.025 0.005 -0.02)
(0.025 0 -0.015)
(0.03 0.005 -0.015)
(0.025 0.01 -0.015)
(0.025 0.005 -0.01)
(0.02 0.005 -0.015)
(0.045 0 -0.015)
(0.04 0.005 -0.015)
(0.045 0.005 -0.01)
(-0.035 -0.015 3.46945e-19)
(-0.03 -0.015 0.005)
(-0.035 -0.01 0.005)
(-0.035 -0.015 0.01)
(-0.02 -0.015 0.005)
(-0.015 -0.015 1.04083e-18)
(-0.01 -0.015 0.005)
(-0.015 -0.01 0.005)
(-0.015 -0.015 0.01)
(0.005 -0.015 0)
(0 -0.015 0.005)
(0.01 -0.015 0.005)
(0.005 -0.01 0.005)
(0.005 -0.015 0.01)
(0.025 -0.015 0)
(0.03 -0.015 0.005)
(0.025 -0.01 0.005)
(0.025 -0.015 0.01)
(0.02 -0.015 0.005)
(-0.035 0.005 1.15648e-19)
(-0.035 1.15648e-19 0.005)
(-0.04 0.005 0.005)
(-0.03 0.005 0.005)
(-0.035 0.01 0.005)
(-0.035 0.005 0.01)
(-0.02 0.005 0.005)
(-0.015 0.005 3.46945e-19)
(-0.015 3.46945e-19 0.005)
(-0.01 0.005 0.005)
(-0.015 0.01 0.005)
(-0.015 0.005 0.01)
(0.005 0.005 0)
(0.005 0 0.005)
(0 0.005 0.005)
(0.01 0.005 0.005)
(0.005 0.01 0.005)
(0.005 0.005 0.01)
(0.025 0.005 0)
(0.025 0 0.005)
(0.03 0.005 0.005)
(0.025 0.01 0.005)
(0.025 0.005 0.01)
(0.02 0.005 0.005)
(0.045 0.005 0)
(0.045 0 0.005)
(0.04 0.005 0.005)
(0.045 0.01 0.005)
(0.045 0.005 0.01)
(-0.015 1.38778e-18 0.025)
(-0.02 0.005 0.025)
(-0.01 0.005 0.025)
(-0.015 0.01 0.025)
(-0.015 0.005 0.02)
(0.005 0 0.025)
(0 0.005 0.025)
(0.01 0.005 0.025)
(0.005 0.01 0.025)
(0.005 0.005 0.02)
(0.025 0.005 0.02)
(0.025 0 0.025)
(0.02 0.005 0.025)
(-0.02 -0.005 -0.025)
(-0.025 9.25186e-19 -0.025)
(-0.025 -0.005 -0.02)
(-0.005 -0.01 -0.025)
(0 -0.015 -0.025)
(-0.005 -0.015 -0.02)
(-0.01 -0.005 -0.025)
(-0.015 1.04083e-18 -0.025)
(-0.015 -0.005 -0.02)
(0 -0.005 -0.025)
(-0.005 3.46945e-19 -0.025)
(-0.005 -0.005 -0.02)
(0.005 -0.01 -0.025)
(0.01 -0.005 -0.025)
(0.005 0 -0.025)
(0.005 -0.005 -0.02)
(0.02 -0.005 -0.025)
(0.015 0 -0.025)
(0.015 -0.005 -0.02)
(0.025 -5.78241e-20 -0.025)
(0.025 -0.005 -0.02)
(-0.02 0.005 -0.025)
(-0.025 0.005 -0.02)
(-0.01 0.005 -0.025)
(-0.005 0.01 -0.025)
(0 0.005 -0.025)
(-0.005 0.005 -0.02)
(0 0.015 -0.025)
(-0.005 0.015 -0.02)
(0.01 0.005 -0.025)
(0.005 0.01 -0.025)
(0.02 0.005 -0.025)
(0.015 0.005 -0.02)
(0.005 0.015 -0.02)
(-0.045 -0.005 -0.01)
(-0.04 -0.005 -0.015)
(-0.045 0 -0.015)
(-0.045 -0.01 -0.005)
(-0.04 -0.015 -0.005)
(-0.04 -0.005 -0.005)
(-0.045 0 -0.005)
(-0.045 -0.005 0)
(-0.025 -0.01 -0.015)
(-0.025 -0.015 -0.01)
(-0.03 -0.005 -0.015)
(-0.035 -0.005 -0.01)
(-0.025 -0.005 -0.01)
(-0.025 1.04083e-18 -0.015)
(-0.02 -0.005 -0.015)
(-0.03 -0.015 -0.005)
(-0.035 -0.01 -0.005)
(-0.025 -0.01 -0.005)
(-0.025 -0.015 1.04083e-18)
(-0.02 -0.015 -0.005)
(-0.03 -0.005 -0.005)
(-0.035 1.15648e-19 -0.005)
(-0.035 -0.005 1.15648e-19)
(-0.025 3.46945e-19 -0.005)
(-0.025 -0.005 3.46945e-19)
(-0.02 -0.005 -0.005)
(0.035 -0.01 -0.015)
(0.035 -0.015 -0.01)
(0.03 -0.005 -0.015)
(0.025 -0.005 -0.01)
(0.02 -0.005 -0.015)
(0.035 -0.005 -0.01)
(0.04 -0.005 -0.015)
(0.035 0 -0.015)
(0.03 -0.015 -0.005)
(0.025 -0.01 -0.005)
(0.02 -0.015 -0.005)
(0.035 -0.01 -0.005)
(0.035 -0.015 0)
(0.03 -0.005 -0.005)
(0.025 0 -0.005)
(0.025 -0.005 0)
(0.02 -0.005 -0.005)
(0.04 -0.005 -0.005)
(0.035 0 -0.005)
(0.035 -0.005 0)
(0.045 -0.005 -0.01)
(0.045 0 -0.005)
(0.045 -0.005 0)
(-0.045 0.005 -0.01)
(-0.04 0.005 -0.005)
(-0.045 0.005 0)
(-0.025 0.01 -0.015)
(-0.025 0.005 -0.01)
(-0.03 0.015 -0.015)
(-0.035 0.015 -0.01)
(-0.025 0.015 -0.01)
(-0.02 0.015 -0.015)
(-0.03 0.005 -0.005)
(-0.035 0.01 -0.005)
(-0.025 0.01 -0.005)
(-0.025 0.005 3.46945e-19)
(-0.02 0.005 -0.005)
(-0.03 0.015 -0.005)
(-0.035 0.015 3.46945e-19)
(-0.025 0.015 1.04083e-18)
(-0.02 0.015 -0.005)
(0.035 0.01 -0.015)
(0.035 0.005 -0.01)
(0.03 0.015 -0.015)
(0.025 0.015 -0.01)
(0.02 0.015 -0.015)
(0.035 0.015 -0.01)
(0.03 0.005 -0.005)
(0.025 0.01 -0.005)
(0.02 0.005 -0.005)
(0.035 0.01 -0.005)
(0.04 0.005 -0.005)
(0.035 0.005 0)
(0.03 0.015 -0.005)
(0.025 0.015 0)
(0.02 0.015 -0.005)
(0.035 0.015 0)
(-0.045 -0.005 0.01)
(-0.04 -0.005 0.005)
(-0.045 0 0.005)
(-0.04 -0.005 0.015)
(-0.045 0 0.015)
(-0.025 -0.01 0.005)
(-0.025 -0.015 0.01)
(-0.03 -0.005 0.005)
(-0.035 -0.005 0.01)
(-0.025 -0.005 0.01)
(-0.025 3.46945e-19 0.005)
(-0.02 -0.005 0.005)
(-0.03 -0.015 0.015)
(-0.035 -0.01 0.015)
(-0.025 -0.01 0.015)
(-0.02 -0.015 0.015)
(-0.03 -0.005 0.015)
(-0.035 3.46945e-19 0.015)
(-0.025 1.04083e-18 0.015)
(-0.025 -0.005 0.02)
(-0.02 -0.005 0.015)
(0.035 -0.01 0.005)
(0.03 -0.005 0.005)
(0.025 -0.005 0.01)
(0.02 -0.005 0.005)
(0.035 -0.005 0.01)
(0.04 -0.005 0.005)
(0.035 0 0.005)
(0.025 -0.01 0.015)
(0.02 -0.015 0.015)
(0.03 -0.005 0.015)
(0.025 0 0.015)
(0.025 -0.005 0.02)
(0.02 -0.005 0.015)
(0.04 -0.005 0.015)
(0.035 0 0.015)
(0.045 -0.005 0.01)
(0.045 0 0.015)
(-0.045 0.01 0.005)
(-0.045 0.005 0.01)
(-0.04 0.015 0.005)
(-0.04 0.005 0.015)
(-0.025 0.01 0.005)
(-0.025 0.005 0.01)
(-0.03 0.015 0.005)
(-0.035 0.015 0.01)
(-0.025 0.015 0.01)
(-0.02 0.015 0.005)
(-0.03 0.005 0.015)
(-0.035 0.01 0.015)
(-0.025 0.01 0.015)
(-0.025 0.005 0.02)
(-0.02 0.005 0.015)
(-0.03 0.015 0.015)
(-0.02 0.015 0.015)
(0.035 0.01 0.005)
(0.035 0.005 0.01)
(0.03 0.015 0.005)
(0.025 0.015 0.01)
(0.02 0.015 0.005)
(0.035 0.015 0.01)
(0.04 0.015 0.005)
(0.03 0.005 0.015)
(0.025 0.01 0.015)
(0.02 0.005 0.015)
(0.035 0.01 0.015)
(0.04 0.005 0.015)
(0.03 0.015 0.015)
(0.02 0.015 0.015)
(-0.02 -0.005 0.025)
(-0.025 1.38778e-18 0.025)
(-0.005 -0.01 0.025)
(-0.005 -0.015 0.02)
(-0.01 -0.005 0.025)
(-0.015 -0.005 0.02)
(0 -0.005 0.025)
(-0.005 4.62593e-19 0.025)
(-0.005 -0.005 0.02)
(0.01 -0.005 0.025)
(0.005 -0.005 0.02)
(0.02 -0.005 0.025)
(0.015 0 0.025)
(0.015 -0.005 0.02)
(-0.005 0.01 0.025)
(-0.005 0.005 0.02)
(-0.01 0.015 0.025)
(-0.015 0.015 0.02)
(0 0.015 0.025)
(-0.005 0.015 0.02)
(0.015 0.005 0.02)
(0.005 0.015 0.02)
(-0.005 -0.01 -0.015)
(-0.005 -0.015 -0.01)
(-0.01 -0.005 -0.015)
(-0.015 -0.005 -0.01)
(-0.005 -0.005 -0.01)
(0 -0.005 -0.015)
(-0.005 3.46945e-19 -0.015)
(-0.01 -0.015 -0.005)
(-0.015 -0.01 -0.005)
(-0.005 -0.01 -0.005)
(0 -0.015 -0.005)
(-0.005 -0.015 3.46945e-19)
(-0.01 -0.005 -0.005)
(-0.015 3.46945e-19 -0.005)
(-0.015 -0.005 3.46945e-19)
(0 -0.005 -0.005)
(-0.005 1.15648e-19 -0.005)
(-0.005 -0.005 1.15648e-19)
(0.015 -0.01 -0.015)
(0.015 -0.015 -0.01)
(0.01 -0.005 -0.015)
(0.005 -0.005 -0.01)
(0.015 -0.005 -0.01)
(0.015 0 -0.015)
(0.01 -0.015 -0.005)
(0.005 -0.01 -0.005)
(0.015 -0.01 -0.005)
(0.015 -0.015 0)
(0.01 -0.005 -0.005)
(0.005 0 -0.005)
(0.005 -0.005 0)
(0.015 0 -0.005)
(0.015 -0.005 0)
(-0.005 0.01 -0.015)
(-0.005 0.005 -0.01)
(-0.01 0.015 -0.015)
(-0.015 0.015 -0.01)
(-0.005 0.015 -0.01)
(0 0.015 -0.015)
(-0.01 0.005 -0.005)
(-0.015 0.01 -0.005)
(-0.005 0.01 -0.005)
(0 0.005 -0.005)
(-0.005 0.005 1.15648e-19)
(-0.01 0.015 -0.005)
(-0.015 0.015 1.04083e-18)
(0 0.015 -0.005)
(-0.005 0.015 3.46945e-19)
(0.015 0.01 -0.015)
(0.015 0.005 -0.01)
(0.01 0.015 -0.015)
(0.005 0.015 -0.01)
(0.015 0.015 -0.01)
(0.01 0.005 -0.005)
(0.005 0.01 -0.005)
(0.015 0.01 -0.005)
(0.015 0.005 0)
(0.01 0.015 -0.005)
(0.005 0.015 0)
(0.015 0.015 0)
(-0.005 -0.01 0.005)
(-0.005 -0.015 0.01)
(-0.01 -0.005 0.005)
(-0.015 -0.005 0.01)
(-0.005 -0.005 0.01)
(0 -0.005 0.005)
(-0.005 1.15648e-19 0.005)
(-0.01 -0.015 0.015)
(-0.015 -0.01 0.015)
(-0.005 -0.01 0.015)
(0 -0.015 0.015)
(-0.01 -0.005 0.015)
(-0.015 1.04083e-18 0.015)
(0 -0.005 0.015)
(-0.005 3.46945e-19 0.015)
(0.015 -0.01 0.005)
(0.015 -0.015 0.01)
(0.01 -0.005 0.005)
(0.005 -0.005 0.01)
(0.015 -0.005 0.01)
(0.015 0 0.005)
(0.01 -0.015 0.015)
(0.005 -0.01 0.015)
(0.015 -0.01 0.015)
(0.01 -0.005 0.015)
(0.005 0 0.015)
(0.015 0 0.015)
(-0.005 0.01 0.005)
(-0.005 0.005 0.01)
(-0.01 0.015 0.005)
(-0.015 0.015 0.01)
(-0.005 0.015 0.01)
(0 0.015 0.005)
(-0.01 0.005 0.015)
(-0.015 0.01 0.015)
(-0.005 0.01 0.015)
(0 0.005 0.015)
(-0.01 0.015 0.015)
(0 0.015 0.015)
(0.015 0.01 0.005)
(0.015 0.005 0.01)
(0.01 0.015 0.005)
(0.005 0.015 0.01)
(0.015 0.015 0.01)
(0.01 0.005 0.015)
(0.005 0.01 0.015)
(0.015 0.01 0.015)
(0.01 0.015 0.015)
)


// ************************************************************************* //
