/*--------------------------------*- C++ -*----------------------------------*\
  =========                 |
  \\      /  F ield         | OpenFOAM: The Open Source CFD Toolbox
   \\    /   O peration     | Website:  https://openfoam.org
    \\  /    A nd           | Version:  6
     \\/     M anipulation  |
\*---------------------------------------------------------------------------*/
FoamFile
{
    version     2.0;
    format      ascii;
    class       vectorField;
    location    "constant/polyMesh";
    object      points;
}
// * * * * * * * * * * * * * * * * * * * * * * * * * * * * * * * * * * * * * //


2541
(
(-0.2 -0.1 -0.1)
(-0.18 -0.1 -0.1)
(-0.16 -0.1 -0.1)
(-0.14 -0.1 -0.1)
(-0.12 -0.1 -0.1)
(-0.1 -0.1 -0.1)
(-0.08 -0.1 -0.1)
(-0.06 -0.1 -0.1)
(-0.04 -0.1 -0.1)
(-0.02 -0.1 -0.1)
(0 -0.1 -0.1)
(0.02 -0.1 -0.1)
(0.04 -0.1 -0.1)
(0.06 -0.1 -0.1)
(0.08 -0.1 -0.1)
(0.1 -0.1 -0.1)
(0.12 -0.1 -0.1)
(0.14 -0.1 -0.1)
(0.16 -0.1 -0.1)
(0.18 -0.1 -0.1)
(0.2 -0.1 -0.1)
(-0.2 -0.08 -0.1)
(-0.18 -0.08 -0.1)
(-0.16 -0.08 -0.1)
(-0.14 -0.08 -0.1)
(-0.12 -0.08 -0.1)
(-0.1 -0.08 -0.1)
(-0.08 -0.08 -0.1)
(-0.06 -0.08 -0.1)
(-0.04 -0.08 -0.1)
(-0.02 -0.08 -0.1)
(0 -0.08 -0.1)
(0.02 -0.08 -0.1)
(0.04 -0.08 -0.1)
(0.06 -0.08 -0.1)
(0.08 -0.08 -0.1)
(0.1 -0.08 -0.1)
(0.12 -0.08 -0.1)
(0.14 -0.08 -0.1)
(0.16 -0.08 -0.1)
(0.18 -0.08 -0.1)
(0.2 -0.08 -0.1)
(-0.2 -0.06 -0.1)
(-0.18 -0.06 -0.1)
(-0.16 -0.06 -0.1)
(-0.14 -0.06 -0.1)
(-0.12 -0.06 -0.1)
(-0.1 -0.06 -0.1)
(-0.08 -0.06 -0.1)
(-0.06 -0.06 -0.1)
(-0.04 -0.06 -0.1)
(-0.02 -0.06 -0.1)
(0 -0.06 -0.1)
(0.02 -0.06 -0.1)
(0.04 -0.06 -0.1)
(0.06 -0.06 -0.1)
(0.08 -0.06 -0.1)
(0.1 -0.06 -0.1)
(0.12 -0.06 -0.1)
(0.14 -0.06 -0.1)
(0.16 -0.06 -0.1)
(0.18 -0.06 -0.1)
(0.2 -0.06 -0.1)
(-0.2 -0.04 -0.1)
(-0.18 -0.04 -0.1)
(-0.16 -0.04 -0.1)
(-0.14 -0.04 -0.1)
(-0.12 -0.04 -0.1)
(-0.1 -0.04 -0.1)
(-0.08 -0.04 -0.1)
(-0.06 -0.04 -0.1)
(-0.04 -0.04 -0.1)
(-0.02 -0.04 -0.1)
(0 -0.04 -0.1)
(0.02 -0.04 -0.1)
(0.04 -0.04 -0.1)
(0.06 -0.04 -0.1)
(0.08 -0.04 -0.1)
(0.1 -0.04 -0.1)
(0.12 -0.04 -0.1)
(0.14 -0.04 -0.1)
(0.16 -0.04 -0.1)
(0.18 -0.04 -0.1)
(0.2 -0.04 -0.1)
(-0.2 -0.02 -0.1)
(-0.18 -0.02 -0.1)
(-0.16 -0.02 -0.1)
(-0.14 -0.02 -0.1)
(-0.12 -0.02 -0.1)
(-0.1 -0.02 -0.1)
(-0.08 -0.02 -0.1)
(-0.06 -0.02 -0.1)
(-0.04 -0.02 -0.1)
(-0.02 -0.02 -0.1)
(0 -0.02 -0.1)
(0.02 -0.02 -0.1)
(0.04 -0.02 -0.1)
(0.06 -0.02 -0.1)
(0.08 -0.02 -0.1)
(0.1 -0.02 -0.1)
(0.12 -0.02 -0.1)
(0.14 -0.02 -0.1)
(0.16 -0.02 -0.1)
(0.18 -0.02 -0.1)
(0.2 -0.02 -0.1)
(-0.2 0 -0.1)
(-0.18 0 -0.1)
(-0.16 0 -0.1)
(-0.14 0 -0.1)
(-0.12 0 -0.1)
(-0.1 0 -0.1)
(-0.08 0 -0.1)
(-0.06 0 -0.1)
(-0.04 0 -0.1)
(-0.02 0 -0.1)
(0 0 -0.1)
(0.02 0 -0.1)
(0.04 0 -0.1)
(0.06 0 -0.1)
(0.08 0 -0.1)
(0.1 0 -0.1)
(0.12 0 -0.1)
(0.14 0 -0.1)
(0.16 0 -0.1)
(0.18 0 -0.1)
(0.2 0 -0.1)
(-0.2 0.02 -0.1)
(-0.18 0.02 -0.1)
(-0.16 0.02 -0.1)
(-0.14 0.02 -0.1)
(-0.12 0.02 -0.1)
(-0.1 0.02 -0.1)
(-0.08 0.02 -0.1)
(-0.06 0.02 -0.1)
(-0.04 0.02 -0.1)
(-0.02 0.02 -0.1)
(0 0.02 -0.1)
(0.02 0.02 -0.1)
(0.04 0.02 -0.1)
(0.06 0.02 -0.1)
(0.08 0.02 -0.1)
(0.1 0.02 -0.1)
(0.12 0.02 -0.1)
(0.14 0.02 -0.1)
(0.16 0.02 -0.1)
(0.18 0.02 -0.1)
(0.2 0.02 -0.1)
(-0.2 0.04 -0.1)
(-0.18 0.04 -0.1)
(-0.16 0.04 -0.1)
(-0.14 0.04 -0.1)
(-0.12 0.04 -0.1)
(-0.1 0.04 -0.1)
(-0.08 0.04 -0.1)
(-0.06 0.04 -0.1)
(-0.04 0.04 -0.1)
(-0.02 0.04 -0.1)
(0 0.04 -0.1)
(0.02 0.04 -0.1)
(0.04 0.04 -0.1)
(0.06 0.04 -0.1)
(0.08 0.04 -0.1)
(0.1 0.04 -0.1)
(0.12 0.04 -0.1)
(0.14 0.04 -0.1)
(0.16 0.04 -0.1)
(0.18 0.04 -0.1)
(0.2 0.04 -0.1)
(-0.2 0.06 -0.1)
(-0.18 0.06 -0.1)
(-0.16 0.06 -0.1)
(-0.14 0.06 -0.1)
(-0.12 0.06 -0.1)
(-0.1 0.06 -0.1)
(-0.08 0.06 -0.1)
(-0.06 0.06 -0.1)
(-0.04 0.06 -0.1)
(-0.02 0.06 -0.1)
(0 0.06 -0.1)
(0.02 0.06 -0.1)
(0.04 0.06 -0.1)
(0.06 0.06 -0.1)
(0.08 0.06 -0.1)
(0.1 0.06 -0.1)
(0.12 0.06 -0.1)
(0.14 0.06 -0.1)
(0.16 0.06 -0.1)
(0.18 0.06 -0.1)
(0.2 0.06 -0.1)
(-0.2 0.08 -0.1)
(-0.18 0.08 -0.1)
(-0.16 0.08 -0.1)
(-0.14 0.08 -0.1)
(-0.12 0.08 -0.1)
(-0.1 0.08 -0.1)
(-0.08 0.08 -0.1)
(-0.06 0.08 -0.1)
(-0.04 0.08 -0.1)
(-0.02 0.08 -0.1)
(0 0.08 -0.1)
(0.02 0.08 -0.1)
(0.04 0.08 -0.1)
(0.06 0.08 -0.1)
(0.08 0.08 -0.1)
(0.1 0.08 -0.1)
(0.12 0.08 -0.1)
(0.14 0.08 -0.1)
(0.16 0.08 -0.1)
(0.18 0.08 -0.1)
(0.2 0.08 -0.1)
(-0.2 0.1 -0.1)
(-0.18 0.1 -0.1)
(-0.16 0.1 -0.1)
(-0.14 0.1 -0.1)
(-0.12 0.1 -0.1)
(-0.1 0.1 -0.1)
(-0.08 0.1 -0.1)
(-0.06 0.1 -0.1)
(-0.04 0.1 -0.1)
(-0.02 0.1 -0.1)
(0 0.1 -0.1)
(0.02 0.1 -0.1)
(0.04 0.1 -0.1)
(0.06 0.1 -0.1)
(0.08 0.1 -0.1)
(0.1 0.1 -0.1)
(0.12 0.1 -0.1)
(0.14 0.1 -0.1)
(0.16 0.1 -0.1)
(0.18 0.1 -0.1)
(0.2 0.1 -0.1)
(-0.2 -0.1 -0.08)
(-0.18 -0.1 -0.08)
(-0.16 -0.1 -0.08)
(-0.14 -0.1 -0.08)
(-0.12 -0.1 -0.08)
(-0.1 -0.1 -0.08)
(-0.08 -0.1 -0.08)
(-0.06 -0.1 -0.08)
(-0.04 -0.1 -0.08)
(-0.02 -0.1 -0.08)
(0 -0.1 -0.08)
(0.02 -0.1 -0.08)
(0.04 -0.1 -0.08)
(0.06 -0.1 -0.08)
(0.08 -0.1 -0.08)
(0.1 -0.1 -0.08)
(0.12 -0.1 -0.08)
(0.14 -0.1 -0.08)
(0.16 -0.1 -0.08)
(0.18 -0.1 -0.08)
(0.2 -0.1 -0.08)
(-0.2 -0.08 -0.08)
(-0.18 -0.08 -0.08)
(-0.16 -0.08 -0.08)
(-0.14 -0.08 -0.08)
(-0.12 -0.08 -0.08)
(-0.1 -0.08 -0.08)
(-0.08 -0.08 -0.08)
(-0.06 -0.08 -0.08)
(-0.04 -0.08 -0.08)
(-0.02 -0.08 -0.08)
(0 -0.08 -0.08)
(0.02 -0.08 -0.08)
(0.04 -0.08 -0.08)
(0.06 -0.08 -0.08)
(0.08 -0.08 -0.08)
(0.1 -0.08 -0.08)
(0.12 -0.08 -0.08)
(0.14 -0.08 -0.08)
(0.16 -0.08 -0.08)
(0.18 -0.08 -0.08)
(0.2 -0.08 -0.08)
(-0.2 -0.06 -0.08)
(-0.18 -0.06 -0.08)
(-0.16 -0.06 -0.08)
(-0.14 -0.06 -0.08)
(-0.12 -0.06 -0.08)
(-0.1 -0.06 -0.08)
(-0.08 -0.06 -0.08)
(-0.06 -0.06 -0.08)
(-0.04 -0.06 -0.08)
(-0.02 -0.06 -0.08)
(0 -0.06 -0.08)
(0.02 -0.06 -0.08)
(0.04 -0.06 -0.08)
(0.06 -0.06 -0.08)
(0.08 -0.06 -0.08)
(0.1 -0.06 -0.08)
(0.12 -0.06 -0.08)
(0.14 -0.06 -0.08)
(0.16 -0.06 -0.08)
(0.18 -0.06 -0.08)
(0.2 -0.06 -0.08)
(-0.2 -0.04 -0.08)
(-0.18 -0.04 -0.08)
(-0.16 -0.04 -0.08)
(-0.14 -0.04 -0.08)
(-0.12 -0.04 -0.08)
(-0.1 -0.04 -0.08)
(-0.08 -0.04 -0.08)
(-0.06 -0.04 -0.08)
(-0.04 -0.04 -0.08)
(-0.02 -0.04 -0.08)
(0 -0.04 -0.08)
(0.02 -0.04 -0.08)
(0.04 -0.04 -0.08)
(0.06 -0.04 -0.08)
(0.08 -0.04 -0.08)
(0.1 -0.04 -0.08)
(0.12 -0.04 -0.08)
(0.14 -0.04 -0.08)
(0.16 -0.04 -0.08)
(0.18 -0.04 -0.08)
(0.2 -0.04 -0.08)
(-0.2 -0.02 -0.08)
(-0.18 -0.02 -0.08)
(-0.16 -0.02 -0.08)
(-0.14 -0.02 -0.08)
(-0.12 -0.02 -0.08)
(-0.1 -0.02 -0.08)
(-0.08 -0.02 -0.08)
(-0.06 -0.02 -0.08)
(-0.04 -0.02 -0.08)
(-0.02 -0.02 -0.08)
(0 -0.02 -0.08)
(0.02 -0.02 -0.08)
(0.04 -0.02 -0.08)
(0.06 -0.02 -0.08)
(0.08 -0.02 -0.08)
(0.1 -0.02 -0.08)
(0.12 -0.02 -0.08)
(0.14 -0.02 -0.08)
(0.16 -0.02 -0.08)
(0.18 -0.02 -0.08)
(0.2 -0.02 -0.08)
(-0.2 0 -0.08)
(-0.18 0 -0.08)
(-0.16 0 -0.08)
(-0.14 0 -0.08)
(-0.12 0 -0.08)
(-0.1 0 -0.08)
(-0.08 0 -0.08)
(-0.06 1.850371708e-18 -0.08)
(-0.04 1.850371708e-18 -0.08)
(-0.02 0 -0.08)
(0 0 -0.08)
(0.02 0 -0.08)
(0.04 1.850371708e-18 -0.08)
(0.06 1.850371708e-18 -0.08)
(0.08 9.251858539e-19 -0.08)
(0.1 0 -0.08)
(0.12 0 -0.08)
(0.14 4.625929269e-19 -0.08)
(0.16 0 -0.08)
(0.18 0 -0.08)
(0.2 0 -0.08)
(-0.2 0.02 -0.08)
(-0.18 0.02 -0.08)
(-0.16 0.02 -0.08)
(-0.14 0.02 -0.08)
(-0.12 0.02 -0.08)
(-0.1 0.02 -0.08)
(-0.08 0.02 -0.08)
(-0.06 0.02 -0.08)
(-0.04 0.02 -0.08)
(-0.02 0.02 -0.08)
(0 0.02 -0.08)
(0.02 0.02 -0.08)
(0.04 0.02 -0.08)
(0.06 0.02 -0.08)
(0.08 0.02 -0.08)
(0.1 0.02 -0.08)
(0.12 0.02 -0.08)
(0.14 0.02 -0.08)
(0.16 0.02 -0.08)
(0.18 0.02 -0.08)
(0.2 0.02 -0.08)
(-0.2 0.04 -0.08)
(-0.18 0.04 -0.08)
(-0.16 0.04 -0.08)
(-0.14 0.04 -0.08)
(-0.12 0.04 -0.08)
(-0.1 0.04 -0.08)
(-0.08 0.04 -0.08)
(-0.06 0.04 -0.08)
(-0.04 0.04 -0.08)
(-0.02 0.04 -0.08)
(0 0.04 -0.08)
(0.02 0.04 -0.08)
(0.04 0.04 -0.08)
(0.06 0.04 -0.08)
(0.08 0.04 -0.08)
(0.1 0.04 -0.08)
(0.12 0.04 -0.08)
(0.14 0.04 -0.08)
(0.16 0.04 -0.08)
(0.18 0.04 -0.08)
(0.2 0.04 -0.08)
(-0.2 0.06 -0.08)
(-0.18 0.06 -0.08)
(-0.16 0.06 -0.08)
(-0.14 0.06 -0.08)
(-0.12 0.06 -0.08)
(-0.1 0.06 -0.08)
(-0.08 0.06 -0.08)
(-0.06 0.06 -0.08)
(-0.04 0.06 -0.08)
(-0.02 0.06 -0.08)
(0 0.06 -0.08)
(0.02 0.06 -0.08)
(0.04 0.06 -0.08)
(0.06 0.06 -0.08)
(0.08 0.06 -0.08)
(0.1 0.06 -0.08)
(0.12 0.06 -0.08)
(0.14 0.06 -0.08)
(0.16 0.06 -0.08)
(0.18 0.06 -0.08)
(0.2 0.06 -0.08)
(-0.2 0.08 -0.08)
(-0.18 0.08 -0.08)
(-0.16 0.08 -0.08)
(-0.14 0.08 -0.08)
(-0.12 0.08 -0.08)
(-0.1 0.08 -0.08)
(-0.08 0.08 -0.08)
(-0.06 0.08 -0.08)
(-0.04 0.08 -0.08)
(-0.02 0.08 -0.08)
(0 0.08 -0.08)
(0.02 0.08 -0.08)
(0.04 0.08 -0.08)
(0.06 0.08 -0.08)
(0.08 0.08 -0.08)
(0.1 0.08 -0.08)
(0.12 0.08 -0.08)
(0.14 0.08 -0.08)
(0.16 0.08 -0.08)
(0.18 0.08 -0.08)
(0.2 0.08 -0.08)
(-0.2 0.1 -0.08)
(-0.18 0.1 -0.08)
(-0.16 0.1 -0.08)
(-0.14 0.1 -0.08)
(-0.12 0.1 -0.08)
(-0.1 0.1 -0.08)
(-0.08 0.1 -0.08)
(-0.06 0.1 -0.08)
(-0.04 0.1 -0.08)
(-0.02 0.1 -0.08)
(0 0.1 -0.08)
(0.02 0.1 -0.08)
(0.04 0.1 -0.08)
(0.06 0.1 -0.08)
(0.08 0.1 -0.08)
(0.1 0.1 -0.08)
(0.12 0.1 -0.08)
(0.14 0.1 -0.08)
(0.16 0.1 -0.08)
(0.18 0.1 -0.08)
(0.2 0.1 -0.08)
(-0.2 -0.1 -0.06)
(-0.18 -0.1 -0.06)
(-0.16 -0.1 -0.06)
(-0.14 -0.1 -0.06)
(-0.12 -0.1 -0.06)
(-0.1 -0.1 -0.06)
(-0.08 -0.1 -0.06)
(-0.06 -0.1 -0.06)
(-0.04 -0.1 -0.06)
(-0.02 -0.1 -0.06)
(0 -0.1 -0.06)
(0.02 -0.1 -0.06)
(0.04 -0.1 -0.06)
(0.06 -0.1 -0.06)
(0.08 -0.1 -0.06)
(0.1 -0.1 -0.06)
(0.12 -0.1 -0.06)
(0.14 -0.1 -0.06)
(0.16 -0.1 -0.06)
(0.18 -0.1 -0.06)
(0.2 -0.1 -0.06)
(-0.2 -0.08 -0.06)
(-0.18 -0.08 -0.06)
(-0.16 -0.08 -0.06)
(-0.14 -0.08 -0.06)
(-0.12 -0.08 -0.06)
(-0.1 -0.08 -0.06)
(-0.08 -0.08 -0.06)
(-0.06 -0.08 -0.06)
(-0.04 -0.08 -0.06)
(-0.02 -0.08 -0.06)
(0 -0.08 -0.06)
(0.02 -0.08 -0.06)
(0.04 -0.08 -0.06)
(0.06 -0.08 -0.06)
(0.08 -0.08 -0.06)
(0.1 -0.08 -0.06)
(0.12 -0.08 -0.06)
(0.14 -0.08 -0.06)
(0.16 -0.08 -0.06)
(0.18 -0.08 -0.06)
(0.2 -0.08 -0.06)
(-0.2 -0.06 -0.06)
(-0.18 -0.06 -0.06)
(-0.16 -0.06 -0.06)
(-0.14 -0.06 -0.06)
(-0.12 -0.06 -0.06)
(-0.1 -0.06 -0.06)
(-0.08 -0.06 -0.06)
(-0.06 -0.06 -0.06)
(-0.04 -0.06 -0.06)
(-0.02 -0.06 -0.06)
(0 -0.06 -0.06)
(0.02 -0.06 -0.06)
(0.04 -0.06 -0.06)
(0.06 -0.06 -0.06)
(0.08 -0.06 -0.06)
(0.1 -0.06 -0.06)
(0.12 -0.06 -0.06)
(0.14 -0.06 -0.06)
(0.16 -0.06 -0.06)
(0.18 -0.06 -0.06)
(0.2 -0.06 -0.06)
(-0.2 -0.04 -0.06)
(-0.18 -0.04 -0.06)
(-0.16 -0.04 -0.06)
(-0.14 -0.04 -0.06)
(-0.12 -0.04 -0.06)
(-0.1 -0.04 -0.06)
(-0.08 -0.04 -0.06)
(-0.06 -0.04 -0.06)
(-0.04 -0.04 -0.06)
(-0.02 -0.04 -0.06)
(0 -0.04 -0.06)
(0.02 -0.04 -0.06)
(0.04 -0.04 -0.06)
(0.06 -0.04 -0.06)
(0.08 -0.04 -0.06)
(0.1 -0.04 -0.06)
(0.12 -0.04 -0.06)
(0.14 -0.04 -0.06)
(0.16 -0.04 -0.06)
(0.18 -0.04 -0.06)
(0.2 -0.04 -0.06)
(-0.2 -0.02 -0.06)
(-0.18 -0.02 -0.06)
(-0.16 -0.02 -0.06)
(-0.14 -0.02 -0.06)
(-0.12 -0.02 -0.06)
(-0.1 -0.02 -0.06)
(-0.08 -0.02 -0.06)
(-0.06 -0.02 -0.06)
(-0.04 -0.02 -0.06)
(-0.02 -0.02 -0.06)
(0 -0.02 -0.06)
(0.02 -0.02 -0.06)
(0.04 -0.02 -0.06)
(0.06 -0.02 -0.06)
(0.08 -0.02 -0.06)
(0.1 -0.02 -0.06)
(0.12 -0.02 -0.06)
(0.14 -0.02 -0.06)
(0.16 -0.02 -0.06)
(0.18 -0.02 -0.06)
(0.2 -0.02 -0.06)
(-0.2 0 -0.06)
(-0.18 0 -0.06)
(-0.16 0 -0.06)
(-0.14 1.850371708e-18 -0.06)
(-0.12 0 -0.06)
(-0.1 1.850371708e-18 -0.06)
(-0.08 0 -0.06)
(-0.06 0 -0.06)
(-0.04 1.850371708e-18 -0.06)
(-0.02 1.850371708e-18 -0.06)
(0 0 -0.06)
(0.02 0 -0.06)
(0.04 9.251858539e-19 -0.06)
(0.06 0 -0.06)
(0.08 0 -0.06)
(0.1 1.850371708e-18 -0.06)
(0.12 1.850371708e-18 -0.06)
(0.14 1.850371708e-18 -0.06)
(0.16 1.850371708e-18 -0.06)
(0.18 0 -0.06)
(0.2 0 -0.06)
(-0.2 0.02 -0.06)
(-0.18 0.02 -0.06)
(-0.16 0.02 -0.06)
(-0.14 0.02 -0.06)
(-0.12 0.02 -0.06)
(-0.1 0.02 -0.06)
(-0.08 0.02 -0.06)
(-0.06 0.02 -0.06)
(-0.04 0.02 -0.06)
(-0.02 0.02 -0.06)
(0 0.02 -0.06)
(0.02 0.02 -0.06)
(0.04 0.02 -0.06)
(0.06 0.02 -0.06)
(0.08 0.02 -0.06)
(0.1 0.02 -0.06)
(0.12 0.02 -0.06)
(0.14 0.02 -0.06)
(0.16 0.02 -0.06)
(0.18 0.02 -0.06)
(0.2 0.02 -0.06)
(-0.2 0.04 -0.06)
(-0.18 0.04 -0.06)
(-0.16 0.04 -0.06)
(-0.14 0.04 -0.06)
(-0.12 0.04 -0.06)
(-0.1 0.04 -0.06)
(-0.08 0.04 -0.06)
(-0.06 0.04 -0.06)
(-0.04 0.04 -0.06)
(-0.02 0.04 -0.06)
(0 0.04 -0.06)
(0.02 0.04 -0.06)
(0.04 0.04 -0.06)
(0.06 0.04 -0.06)
(0.08 0.04 -0.06)
(0.1 0.04 -0.06)
(0.12 0.04 -0.06)
(0.14 0.04 -0.06)
(0.16 0.04 -0.06)
(0.18 0.04 -0.06)
(0.2 0.04 -0.06)
(-0.2 0.06 -0.06)
(-0.18 0.06 -0.06)
(-0.16 0.06 -0.06)
(-0.14 0.06 -0.06)
(-0.12 0.06 -0.06)
(-0.1 0.06 -0.06)
(-0.08 0.06 -0.06)
(-0.06 0.06 -0.06)
(-0.04 0.06 -0.06)
(-0.02 0.06 -0.06)
(0 0.06 -0.06)
(0.02 0.06 -0.06)
(0.04 0.06 -0.06)
(0.06 0.06 -0.06)
(0.08 0.06 -0.06)
(0.1 0.06 -0.06)
(0.12 0.06 -0.06)
(0.14 0.06 -0.06)
(0.16 0.06 -0.06)
(0.18 0.06 -0.06)
(0.2 0.06 -0.06)
(-0.2 0.08 -0.06)
(-0.18 0.08 -0.06)
(-0.16 0.08 -0.06)
(-0.14 0.08 -0.06)
(-0.12 0.08 -0.06)
(-0.1 0.08 -0.06)
(-0.08 0.08 -0.06)
(-0.06 0.08 -0.06)
(-0.04 0.08 -0.06)
(-0.02 0.08 -0.06)
(0 0.08 -0.06)
(0.02 0.08 -0.06)
(0.04 0.08 -0.06)
(0.06 0.08 -0.06)
(0.08 0.08 -0.06)
(0.1 0.08 -0.06)
(0.12 0.08 -0.06)
(0.14 0.08 -0.06)
(0.16 0.08 -0.06)
(0.18 0.08 -0.06)
(0.2 0.08 -0.06)
(-0.2 0.1 -0.06)
(-0.18 0.1 -0.06)
(-0.16 0.1 -0.06)
(-0.14 0.1 -0.06)
(-0.12 0.1 -0.06)
(-0.1 0.1 -0.06)
(-0.08 0.1 -0.06)
(-0.06 0.1 -0.06)
(-0.04 0.1 -0.06)
(-0.02 0.1 -0.06)
(0 0.1 -0.06)
(0.02 0.1 -0.06)
(0.04 0.1 -0.06)
(0.06 0.1 -0.06)
(0.08 0.1 -0.06)
(0.1 0.1 -0.06)
(0.12 0.1 -0.06)
(0.14 0.1 -0.06)
(0.16 0.1 -0.06)
(0.18 0.1 -0.06)
(0.2 0.1 -0.06)
(-0.2 -0.1 -0.04)
(-0.18 -0.1 -0.04)
(-0.16 -0.1 -0.04)
(-0.14 -0.1 -0.04)
(-0.12 -0.1 -0.04)
(-0.1 -0.1 -0.04)
(-0.08 -0.1 -0.04)
(-0.06 -0.1 -0.04)
(-0.04 -0.1 -0.04)
(-0.02 -0.1 -0.04)
(0 -0.1 -0.04)
(0.02 -0.1 -0.04)
(0.04 -0.1 -0.04)
(0.06 -0.1 -0.04)
(0.08 -0.1 -0.04)
(0.1 -0.1 -0.04)
(0.12 -0.1 -0.04)
(0.14 -0.1 -0.04)
(0.16 -0.1 -0.04)
(0.18 -0.1 -0.04)
(0.2 -0.1 -0.04)
(-0.2 -0.08 -0.04)
(-0.18 -0.08 -0.04)
(-0.16 -0.08 -0.04)
(-0.14 -0.08 -0.04)
(-0.12 -0.08 -0.04)
(-0.1 -0.08 -0.04)
(-0.08 -0.08 -0.04)
(-0.06 -0.08 -0.04)
(-0.04 -0.08 -0.04)
(-0.02 -0.08 -0.04)
(0 -0.08 -0.04)
(0.02 -0.08 -0.04)
(0.04 -0.08 -0.04)
(0.06 -0.08 -0.04)
(0.08 -0.08 -0.04)
(0.1 -0.08 -0.04)
(0.12 -0.08 -0.04)
(0.14 -0.08 -0.04)
(0.16 -0.08 -0.04)
(0.18 -0.08 -0.04)
(0.2 -0.08 -0.04)
(-0.2 -0.06 -0.04)
(-0.18 -0.06 -0.04)
(-0.16 -0.06 -0.04)
(-0.14 -0.06 -0.04)
(-0.12 -0.06 -0.04)
(-0.1 -0.06 -0.04)
(-0.08 -0.06 -0.04)
(-0.06 -0.06 -0.04)
(-0.04 -0.06 -0.04)
(-0.02 -0.06 -0.04)
(0 -0.06 -0.04)
(0.02 -0.06 -0.04)
(0.04 -0.06 -0.04)
(0.06 -0.06 -0.04)
(0.08 -0.06 -0.04)
(0.1 -0.06 -0.04)
(0.12 -0.06 -0.04)
(0.14 -0.06 -0.04)
(0.16 -0.06 -0.04)
(0.18 -0.06 -0.04)
(0.2 -0.06 -0.04)
(-0.2 -0.04 -0.04)
(-0.18 -0.04 -0.04)
(-0.16 -0.04 -0.04)
(-0.14 -0.04 -0.04)
(-0.12 -0.04 -0.04)
(-0.1 -0.04 -0.04)
(-0.08 -0.04 -0.04)
(-0.06 -0.04 -0.04)
(-0.04 -0.04 -0.04)
(-0.02 -0.04 -0.04)
(0 -0.04 -0.04)
(0.02 -0.04 -0.04)
(0.04 -0.04 -0.04)
(0.06 -0.04 -0.04)
(0.08 -0.04 -0.04)
(0.1 -0.04 -0.04)
(0.12 -0.04 -0.04)
(0.14 -0.04 -0.04)
(0.16 -0.04 -0.04)
(0.18 -0.04 -0.04)
(0.2 -0.04 -0.04)
(-0.2 -0.02 -0.04)
(-0.18 -0.02 -0.04)
(-0.16 -0.02 -0.04)
(-0.14 -0.02 -0.04)
(-0.12 -0.02 -0.04)
(-0.1 -0.02 -0.04)
(-0.08 -0.02 -0.04)
(-0.06 -0.02 -0.04)
(-0.04 -0.02 -0.04)
(-0.02 -0.02 -0.04)
(0 -0.02 -0.04)
(0.02 -0.02 -0.04)
(0.04 -0.02 -0.04)
(0.06 -0.02 -0.04)
(0.08 -0.02 -0.04)
(0.1 -0.02 -0.04)
(0.12 -0.02 -0.04)
(0.14 -0.02 -0.04)
(0.16 -0.02 -0.04)
(0.18 -0.02 -0.04)
(0.2 -0.02 -0.04)
(-0.2 0 -0.04)
(-0.18 0 -0.04)
(-0.16 0 -0.04)
(-0.14 0 -0.04)
(-0.12 0 -0.04)
(-0.1 0 -0.04)
(-0.08 0 -0.04)
(-0.06 1.850371708e-18 -0.04)
(-0.04 -1.850371708e-18 -0.04)
(-0.02 0 -0.04)
(0 0 -0.04)
(0.02 0 -0.04)
(0.04 -9.251858539e-19 -0.04)
(0.06 0 -0.04)
(0.08 0 -0.04)
(0.1 9.251858539e-19 -0.04)
(0.12 4.625929269e-19 -0.04)
(0.14 0 -0.04)
(0.16 0 -0.04)
(0.18 0 -0.04)
(0.2 0 -0.04)
(-0.2 0.02 -0.04)
(-0.18 0.02 -0.04)
(-0.16 0.02 -0.04)
(-0.14 0.02 -0.04)
(-0.12 0.02 -0.04)
(-0.1 0.02 -0.04)
(-0.08 0.02 -0.04)
(-0.06 0.02 -0.04)
(-0.04 0.02 -0.04)
(-0.02 0.02 -0.04)
(0 0.02 -0.04)
(0.02 0.02 -0.04)
(0.04 0.02 -0.04)
(0.06 0.02 -0.04)
(0.08 0.02 -0.04)
(0.1 0.02 -0.04)
(0.12 0.02 -0.04)
(0.14 0.02 -0.04)
(0.16 0.02 -0.04)
(0.18 0.02 -0.04)
(0.2 0.02 -0.04)
(-0.2 0.04 -0.04)
(-0.18 0.04 -0.04)
(-0.16 0.04 -0.04)
(-0.14 0.04 -0.04)
(-0.12 0.04 -0.04)
(-0.1 0.04 -0.04)
(-0.08 0.04 -0.04)
(-0.06 0.04 -0.04)
(-0.04 0.04 -0.04)
(-0.02 0.04 -0.04)
(0 0.04 -0.04)
(0.02 0.04 -0.04)
(0.04 0.04 -0.04)
(0.06 0.04 -0.04)
(0.08 0.04 -0.04)
(0.1 0.04 -0.04)
(0.12 0.04 -0.04)
(0.14 0.04 -0.04)
(0.16 0.04 -0.04)
(0.18 0.04 -0.04)
(0.2 0.04 -0.04)
(-0.2 0.06 -0.04)
(-0.18 0.06 -0.04)
(-0.16 0.06 -0.04)
(-0.14 0.06 -0.04)
(-0.12 0.06 -0.04)
(-0.1 0.06 -0.04)
(-0.08 0.06 -0.04)
(-0.06 0.06 -0.04)
(-0.04 0.06 -0.04)
(-0.02 0.06 -0.04)
(0 0.06 -0.04)
(0.02 0.06 -0.04)
(0.04 0.06 -0.04)
(0.06 0.06 -0.04)
(0.08 0.06 -0.04)
(0.1 0.06 -0.04)
(0.12 0.06 -0.04)
(0.14 0.06 -0.04)
(0.16 0.06 -0.04)
(0.18 0.06 -0.04)
(0.2 0.06 -0.04)
(-0.2 0.08 -0.04)
(-0.18 0.08 -0.04)
(-0.16 0.08 -0.04)
(-0.14 0.08 -0.04)
(-0.12 0.08 -0.04)
(-0.1 0.08 -0.04)
(-0.08 0.08 -0.04)
(-0.06 0.08 -0.04)
(-0.04 0.08 -0.04)
(-0.02 0.08 -0.04)
(0 0.08 -0.04)
(0.02 0.08 -0.04)
(0.04 0.08 -0.04)
(0.06 0.08 -0.04)
(0.08 0.08 -0.04)
(0.1 0.08 -0.04)
(0.12 0.08 -0.04)
(0.14 0.08 -0.04)
(0.16 0.08 -0.04)
(0.18 0.08 -0.04)
(0.2 0.08 -0.04)
(-0.2 0.1 -0.04)
(-0.18 0.1 -0.04)
(-0.16 0.1 -0.04)
(-0.14 0.1 -0.04)
(-0.12 0.1 -0.04)
(-0.1 0.1 -0.04)
(-0.08 0.1 -0.04)
(-0.06 0.1 -0.04)
(-0.04 0.1 -0.04)
(-0.02 0.1 -0.04)
(0 0.1 -0.04)
(0.02 0.1 -0.04)
(0.04 0.1 -0.04)
(0.06 0.1 -0.04)
(0.08 0.1 -0.04)
(0.1 0.1 -0.04)
(0.12 0.1 -0.04)
(0.14 0.1 -0.04)
(0.16 0.1 -0.04)
(0.18 0.1 -0.04)
(0.2 0.1 -0.04)
(-0.2 -0.1 -0.02)
(-0.18 -0.1 -0.02)
(-0.16 -0.1 -0.02)
(-0.14 -0.1 -0.02)
(-0.12 -0.1 -0.02)
(-0.1 -0.1 -0.02)
(-0.08 -0.1 -0.02)
(-0.06 -0.1 -0.02)
(-0.04 -0.1 -0.02)
(-0.02 -0.1 -0.02)
(0 -0.1 -0.02)
(0.02 -0.1 -0.02)
(0.04 -0.1 -0.02)
(0.06 -0.1 -0.02)
(0.08 -0.1 -0.02)
(0.1 -0.1 -0.02)
(0.12 -0.1 -0.02)
(0.14 -0.1 -0.02)
(0.16 -0.1 -0.02)
(0.18 -0.1 -0.02)
(0.2 -0.1 -0.02)
(-0.2 -0.08 -0.02)
(-0.18 -0.08 -0.02)
(-0.16 -0.08 -0.02)
(-0.14 -0.08 -0.02)
(-0.12 -0.08 -0.02)
(-0.1 -0.08 -0.02)
(-0.08 -0.08 -0.02)
(-0.06 -0.08 -0.02)
(-0.04 -0.08 -0.02)
(-0.02 -0.08 -0.02)
(0 -0.08 -0.02)
(0.02 -0.08 -0.02)
(0.04 -0.08 -0.02)
(0.06 -0.08 -0.02)
(0.08 -0.08 -0.02)
(0.1 -0.08 -0.02)
(0.12 -0.08 -0.02)
(0.14 -0.08 -0.02)
(0.16 -0.08 -0.02)
(0.18 -0.08 -0.02)
(0.2 -0.08 -0.02)
(-0.2 -0.06 -0.02)
(-0.18 -0.06 -0.02)
(-0.16 -0.06 -0.02)
(-0.14 -0.06 -0.02)
(-0.12 -0.06 -0.02)
(-0.1 -0.06 -0.02)
(-0.08 -0.06 -0.02)
(-0.06 -0.06 -0.02)
(-0.04 -0.06 -0.02)
(-0.02 -0.06 -0.02)
(0 -0.06 -0.02)
(0.02 -0.06 -0.02)
(0.04 -0.06 -0.02)
(0.06 -0.06 -0.02)
(0.08 -0.06 -0.02)
(0.1 -0.06 -0.02)
(0.12 -0.06 -0.02)
(0.14 -0.06 -0.02)
(0.16 -0.06 -0.02)
(0.18 -0.06 -0.02)
(0.2 -0.06 -0.02)
(-0.2 -0.04 -0.02)
(-0.18 -0.04 -0.02)
(-0.16 -0.04 -0.02)
(-0.14 -0.04 -0.02)
(-0.12 -0.04 -0.02)
(-0.1 -0.04 -0.02)
(-0.08 -0.04 -0.02)
(-0.06 -0.04 -0.02)
(-0.04 -0.04 -0.02)
(-0.02 -0.04 -0.02)
(0 -0.04 -0.02)
(0.02 -0.04 -0.02)
(0.04 -0.04 -0.02)
(0.06 -0.04 -0.02)
(0.08 -0.04 -0.02)
(0.1 -0.04 -0.02)
(0.12 -0.04 -0.02)
(0.14 -0.04 -0.02)
(0.16 -0.04 -0.02)
(0.18 -0.04 -0.02)
(0.2 -0.04 -0.02)
(-0.2 -0.02 -0.02)
(-0.18 -0.02 -0.02)
(-0.16 -0.02 -0.02)
(-0.14 -0.02 -0.02)
(-0.12 -0.02 -0.02)
(-0.1 -0.02 -0.02)
(-0.08 -0.02 -0.02)
(-0.06 -0.02 -0.02)
(-0.04 -0.02 -0.02)
(-0.02 -0.02 -0.02)
(0 -0.02 -0.02)
(0.02 -0.02 -0.02)
(0.04 -0.02 -0.02)
(0.06 -0.02 -0.02)
(0.08 -0.02 -0.02)
(0.1 -0.02 -0.02)
(0.12 -0.02 -0.02)
(0.14 -0.02 -0.02)
(0.16 -0.02 -0.02)
(0.18 -0.02 -0.02)
(0.2 -0.02 -0.02)
(-0.2 0 -0.02)
(-0.18 0 -0.02)
(-0.16 0 -0.02)
(-0.14 1.850371708e-18 -0.02)
(-0.12 0 -0.02)
(-0.1 0 -0.02)
(-0.08 0 -0.02)
(-0.06 0 -0.02)
(-0.04 0 -0.02)
(-0.02 1.850371708e-18 -0.02)
(0 0 -0.02)
(0.02 0 -0.02)
(0.04 0 -0.02)
(0.06 0 -0.02)
(0.08 0 -0.02)
(0.1 0 -0.02)
(0.12 0 -0.02)
(0.14 1.850371708e-18 -0.02)
(0.16 1.850371708e-18 -0.02)
(0.18 0 -0.02)
(0.2 0 -0.02)
(-0.2 0.02 -0.02)
(-0.18 0.02 -0.02)
(-0.16 0.02 -0.02)
(-0.14 0.02 -0.02)
(-0.12 0.02 -0.02)
(-0.1 0.02 -0.02)
(-0.08 0.02 -0.02)
(-0.06 0.02 -0.02)
(-0.04 0.02 -0.02)
(-0.02 0.02 -0.02)
(0 0.02 -0.02)
(0.02 0.02 -0.02)
(0.04 0.02 -0.02)
(0.06 0.02 -0.02)
(0.08 0.02 -0.02)
(0.1 0.02 -0.02)
(0.12 0.02 -0.02)
(0.14 0.02 -0.02)
(0.16 0.02 -0.02)
(0.18 0.02 -0.02)
(0.2 0.02 -0.02)
(-0.2 0.04 -0.02)
(-0.18 0.04 -0.02)
(-0.16 0.04 -0.02)
(-0.14 0.04 -0.02)
(-0.12 0.04 -0.02)
(-0.1 0.04 -0.02)
(-0.08 0.04 -0.02)
(-0.06 0.04 -0.02)
(-0.04 0.04 -0.02)
(-0.02 0.04 -0.02)
(0 0.04 -0.02)
(0.02 0.04 -0.02)
(0.04 0.04 -0.02)
(0.06 0.04 -0.02)
(0.08 0.04 -0.02)
(0.1 0.04 -0.02)
(0.12 0.04 -0.02)
(0.14 0.04 -0.02)
(0.16 0.04 -0.02)
(0.18 0.04 -0.02)
(0.2 0.04 -0.02)
(-0.2 0.06 -0.02)
(-0.18 0.06 -0.02)
(-0.16 0.06 -0.02)
(-0.14 0.06 -0.02)
(-0.12 0.06 -0.02)
(-0.1 0.06 -0.02)
(-0.08 0.06 -0.02)
(-0.06 0.06 -0.02)
(-0.04 0.06 -0.02)
(-0.02 0.06 -0.02)
(0 0.06 -0.02)
(0.02 0.06 -0.02)
(0.04 0.06 -0.02)
(0.06 0.06 -0.02)
(0.08 0.06 -0.02)
(0.1 0.06 -0.02)
(0.12 0.06 -0.02)
(0.14 0.06 -0.02)
(0.16 0.06 -0.02)
(0.18 0.06 -0.02)
(0.2 0.06 -0.02)
(-0.2 0.08 -0.02)
(-0.18 0.08 -0.02)
(-0.16 0.08 -0.02)
(-0.14 0.08 -0.02)
(-0.12 0.08 -0.02)
(-0.1 0.08 -0.02)
(-0.08 0.08 -0.02)
(-0.06 0.08 -0.02)
(-0.04 0.08 -0.02)
(-0.02 0.08 -0.02)
(0 0.08 -0.02)
(0.02 0.08 -0.02)
(0.04 0.08 -0.02)
(0.06 0.08 -0.02)
(0.08 0.08 -0.02)
(0.1 0.08 -0.02)
(0.12 0.08 -0.02)
(0.14 0.08 -0.02)
(0.16 0.08 -0.02)
(0.18 0.08 -0.02)
(0.2 0.08 -0.02)
(-0.2 0.1 -0.02)
(-0.18 0.1 -0.02)
(-0.16 0.1 -0.02)
(-0.14 0.1 -0.02)
(-0.12 0.1 -0.02)
(-0.1 0.1 -0.02)
(-0.08 0.1 -0.02)
(-0.06 0.1 -0.02)
(-0.04 0.1 -0.02)
(-0.02 0.1 -0.02)
(0 0.1 -0.02)
(0.02 0.1 -0.02)
(0.04 0.1 -0.02)
(0.06 0.1 -0.02)
(0.08 0.1 -0.02)
(0.1 0.1 -0.02)
(0.12 0.1 -0.02)
(0.14 0.1 -0.02)
(0.16 0.1 -0.02)
(0.18 0.1 -0.02)
(0.2 0.1 -0.02)
(-0.2 -0.1 0)
(-0.18 -0.1 0)
(-0.16 -0.1 0)
(-0.14 -0.1 0)
(-0.12 -0.1 0)
(-0.1 -0.1 0)
(-0.08 -0.1 0)
(-0.06 -0.1 0)
(-0.04 -0.1 0)
(-0.02 -0.1 0)
(0 -0.1 0)
(0.02 -0.1 0)
(0.04 -0.1 0)
(0.06 -0.1 0)
(0.08 -0.1 0)
(0.1 -0.1 0)
(0.12 -0.1 0)
(0.14 -0.1 0)
(0.16 -0.1 0)
(0.18 -0.1 0)
(0.2 -0.1 0)
(-0.2 -0.08 0)
(-0.18 -0.08 0)
(-0.16 -0.08 0)
(-0.14 -0.08 0)
(-0.12 -0.08 0)
(-0.1 -0.08 0)
(-0.08 -0.08 0)
(-0.06 -0.08 1.850371708e-18)
(-0.04 -0.08 1.850371708e-18)
(-0.02 -0.08 0)
(0 -0.08 0)
(0.02 -0.08 0)
(0.04 -0.08 1.850371708e-18)
(0.06 -0.08 1.850371708e-18)
(0.08 -0.08 9.251858539e-19)
(0.1 -0.08 0)
(0.12 -0.08 0)
(0.14 -0.08 4.625929269e-19)
(0.16 -0.08 0)
(0.18 -0.08 0)
(0.2 -0.08 0)
(-0.2 -0.06 0)
(-0.18 -0.06 0)
(-0.16 -0.06 0)
(-0.14 -0.06 1.850371708e-18)
(-0.12 -0.06 0)
(-0.1 -0.06 1.850371708e-18)
(-0.08 -0.06 0)
(-0.06 -0.06 0)
(-0.04 -0.06 1.850371708e-18)
(-0.02 -0.06 1.850371708e-18)
(0 -0.06 0)
(0.02 -0.06 0)
(0.04 -0.06 9.251858539e-19)
(0.06 -0.06 0)
(0.08 -0.06 0)
(0.1 -0.06 1.850371708e-18)
(0.12 -0.06 1.850371708e-18)
(0.14 -0.06 1.850371708e-18)
(0.16 -0.06 1.850371708e-18)
(0.18 -0.06 0)
(0.2 -0.06 0)
(-0.2 -0.04 0)
(-0.18 -0.04 0)
(-0.16 -0.04 0)
(-0.14 -0.04 0)
(-0.12 -0.04 0)
(-0.1 -0.04 0)
(-0.08 -0.04 0)
(-0.06 -0.04 1.850371708e-18)
(-0.04 -0.04 -1.850371708e-18)
(-0.02 -0.04 0)
(0 -0.04 0)
(0.02 -0.04 0)
(0.04 -0.04 -9.251858539e-19)
(0.06 -0.04 0)
(0.08 -0.04 0)
(0.1 -0.04 9.251858539e-19)
(0.12 -0.04 4.625929269e-19)
(0.14 -0.04 0)
(0.16 -0.04 0)
(0.18 -0.04 0)
(0.2 -0.04 0)
(-0.2 -0.02 0)
(-0.18 -0.02 0)
(-0.16 -0.02 1.850371708e-18)
(-0.14 -0.02 1.850371708e-18)
(-0.12 -0.02 0)
(-0.1 -0.02 0)
(-0.08 -0.02 0)
(-0.06 -0.02 0)
(-0.04 -0.02 0)
(-0.02 -0.02 1.850371708e-18)
(0 -0.02 0)
(0.02 -0.02 0)
(0.04 -0.02 0)
(0.06 -0.02 0)
(0.08 -0.02 0)
(0.1 -0.02 0)
(0.12 -0.02 0)
(0.14 -0.02 1.850371708e-18)
(0.16 -0.02 1.850371708e-18)
(0.18 -0.02 0)
(0.2 -0.02 0)
(-0.2 0 0)
(-0.18 0 0)
(-0.16 0 0)
(-0.14 0 0)
(-0.12 0 0)
(-0.1 0 0)
(-0.08 0 0)
(-0.06 0 0)
(-0.04 0 0)
(-0.02 0 0)
(0 0 0)
(0.02 0 0)
(0.04 0 0)
(0.06 0 0)
(0.08 0 0)
(0.1 0 0)
(0.12 0 0)
(0.14 0 0)
(0.16 0 0)
(0.18 0 0)
(0.2 0 0)
(-0.2 0.02 0)
(-0.18 0.02 0)
(-0.16 0.02 1.850371708e-18)
(-0.14 0.02 1.850371708e-18)
(-0.12 0.02 0)
(-0.1 0.02 0)
(-0.08 0.02 0)
(-0.06 0.02 0)
(-0.04 0.02 0)
(-0.02 0.02 1.850371708e-18)
(0 0.02 0)
(0.02 0.02 0)
(0.04 0.02 0)
(0.06 0.02 0)
(0.08 0.02 0)
(0.1 0.02 0)
(0.12 0.02 0)
(0.14 0.02 1.850371708e-18)
(0.16 0.02 1.850371708e-18)
(0.18 0.02 0)
(0.2 0.02 0)
(-0.2 0.04 0)
(-0.18 0.04 0)
(-0.16 0.04 0)
(-0.14 0.04 0)
(-0.12 0.04 0)
(-0.1 0.04 0)
(-0.08 0.04 0)
(-0.06 0.04 0)
(-0.04 0.04 0)
(-0.02 0.04 1.850371708e-18)
(0 0.04 0)
(0.02 0.04 0)
(0.04 0.04 0)
(0.06 0.04 0)
(0.08 0.04 0)
(0.1 0.04 0)
(0.12 0.04 0)
(0.14 0.04 0)
(0.16 0.04 1.850371708e-18)
(0.18 0.04 0)
(0.2 0.04 0)
(-0.2 0.06 0)
(-0.18 0.06 0)
(-0.16 0.06 0)
(-0.14 0.06 0)
(-0.12 0.06 0)
(-0.1 0.06 0)
(-0.08 0.06 0)
(-0.06 0.06 0)
(-0.04 0.06 0)
(-0.02 0.06 0)
(0 0.06 0)
(0.02 0.06 0)
(0.04 0.06 0)
(0.06 0.06 0)
(0.08 0.06 0)
(0.1 0.06 0)
(0.12 0.06 0)
(0.14 0.06 0)
(0.16 0.06 0)
(0.18 0.06 0)
(0.2 0.06 0)
(-0.2 0.08 0)
(-0.18 0.08 0)
(-0.16 0.08 0)
(-0.14 0.08 0)
(-0.12 0.08 0)
(-0.1 0.08 0)
(-0.08 0.08 0)
(-0.06 0.08 1.850371708e-18)
(-0.04 0.08 1.850371708e-18)
(-0.02 0.08 0)
(0 0.08 0)
(0.02 0.08 0)
(0.04 0.08 1.850371708e-18)
(0.06 0.08 1.850371708e-18)
(0.08 0.08 1.850371708e-18)
(0.1 0.08 0)
(0.12 0.08 0)
(0.14 0.08 0)
(0.16 0.08 0)
(0.18 0.08 0)
(0.2 0.08 0)
(-0.2 0.1 0)
(-0.18 0.1 0)
(-0.16 0.1 0)
(-0.14 0.1 0)
(-0.12 0.1 0)
(-0.1 0.1 0)
(-0.08 0.1 0)
(-0.06 0.1 0)
(-0.04 0.1 0)
(-0.02 0.1 0)
(0 0.1 0)
(0.02 0.1 0)
(0.04 0.1 0)
(0.06 0.1 0)
(0.08 0.1 0)
(0.1 0.1 0)
(0.12 0.1 0)
(0.14 0.1 0)
(0.16 0.1 0)
(0.18 0.1 0)
(0.2 0.1 0)
(-0.2 -0.1 0.02)
(-0.18 -0.1 0.02)
(-0.16 -0.1 0.02)
(-0.14 -0.1 0.02)
(-0.12 -0.1 0.02)
(-0.1 -0.1 0.02)
(-0.08 -0.1 0.02)
(-0.06 -0.1 0.02)
(-0.04 -0.1 0.02)
(-0.02 -0.1 0.02)
(0 -0.1 0.02)
(0.02 -0.1 0.02)
(0.04 -0.1 0.02)
(0.06 -0.1 0.02)
(0.08 -0.1 0.02)
(0.1 -0.1 0.02)
(0.12 -0.1 0.02)
(0.14 -0.1 0.02)
(0.16 -0.1 0.02)
(0.18 -0.1 0.02)
(0.2 -0.1 0.02)
(-0.2 -0.08 0.02)
(-0.18 -0.08 0.02)
(-0.16 -0.08 0.02)
(-0.14 -0.08 0.02)
(-0.12 -0.08 0.02)
(-0.1 -0.08 0.02)
(-0.08 -0.08 0.02)
(-0.06 -0.08 0.02)
(-0.04 -0.08 0.02)
(-0.02 -0.08 0.02)
(0 -0.08 0.02)
(0.02 -0.08 0.02)
(0.04 -0.08 0.02)
(0.06 -0.08 0.02)
(0.08 -0.08 0.02)
(0.1 -0.08 0.02)
(0.12 -0.08 0.02)
(0.14 -0.08 0.02)
(0.16 -0.08 0.02)
(0.18 -0.08 0.02)
(0.2 -0.08 0.02)
(-0.2 -0.06 0.02)
(-0.18 -0.06 0.02)
(-0.16 -0.06 0.02)
(-0.14 -0.06 0.02)
(-0.12 -0.06 0.02)
(-0.1 -0.06 0.02)
(-0.08 -0.06 0.02)
(-0.06 -0.06 0.02)
(-0.04 -0.06 0.02)
(-0.02 -0.06 0.02)
(0 -0.06 0.02)
(0.02 -0.06 0.02)
(0.04 -0.06 0.02)
(0.06 -0.06 0.02)
(0.08 -0.06 0.02)
(0.1 -0.06 0.02)
(0.12 -0.06 0.02)
(0.14 -0.06 0.02)
(0.16 -0.06 0.02)
(0.18 -0.06 0.02)
(0.2 -0.06 0.02)
(-0.2 -0.04 0.02)
(-0.18 -0.04 0.02)
(-0.16 -0.04 0.02)
(-0.14 -0.04 0.02)
(-0.12 -0.04 0.02)
(-0.1 -0.04 0.02)
(-0.08 -0.04 0.02)
(-0.06 -0.04 0.02)
(-0.04 -0.04 0.02)
(-0.02 -0.04 0.02)
(0 -0.04 0.02)
(0.02 -0.04 0.02)
(0.04 -0.04 0.02)
(0.06 -0.04 0.02)
(0.08 -0.04 0.02)
(0.1 -0.04 0.02)
(0.12 -0.04 0.02)
(0.14 -0.04 0.02)
(0.16 -0.04 0.02)
(0.18 -0.04 0.02)
(0.2 -0.04 0.02)
(-0.2 -0.02 0.02)
(-0.18 -0.02 0.02)
(-0.16 -0.02 0.02)
(-0.14 -0.02 0.02)
(-0.12 -0.02 0.02)
(-0.1 -0.02 0.02)
(-0.08 -0.02 0.02)
(-0.06 -0.02 0.02)
(-0.04 -0.02 0.02)
(-0.02 -0.02 0.02)
(0 -0.02 0.02)
(0.02 -0.02 0.02)
(0.04 -0.02 0.02)
(0.06 -0.02 0.02)
(0.08 -0.02 0.02)
(0.1 -0.02 0.02)
(0.12 -0.02 0.02)
(0.14 -0.02 0.02)
(0.16 -0.02 0.02)
(0.18 -0.02 0.02)
(0.2 -0.02 0.02)
(-0.2 0 0.02)
(-0.18 0 0.02)
(-0.16 0 0.02)
(-0.14 1.850371708e-18 0.02)
(-0.12 0 0.02)
(-0.1 0 0.02)
(-0.08 0 0.02)
(-0.06 0 0.02)
(-0.04 0 0.02)
(-0.02 1.850371708e-18 0.02)
(0 0 0.02)
(0.02 0 0.02)
(0.04 0 0.02)
(0.06 0 0.02)
(0.08 0 0.02)
(0.1 0 0.02)
(0.12 0 0.02)
(0.14 1.850371708e-18 0.02)
(0.16 1.850371708e-18 0.02)
(0.18 0 0.02)
(0.2 0 0.02)
(-0.2 0.02 0.02)
(-0.18 0.02 0.02)
(-0.16 0.02 0.02)
(-0.14 0.02 0.02)
(-0.12 0.02 0.02)
(-0.1 0.02 0.02)
(-0.08 0.02 0.02)
(-0.06 0.02 0.02)
(-0.04 0.02 0.02)
(-0.02 0.02 0.02)
(0 0.02 0.02)
(0.02 0.02 0.02)
(0.04 0.02 0.02)
(0.06 0.02 0.02)
(0.08 0.02 0.02)
(0.1 0.02 0.02)
(0.12 0.02 0.02)
(0.14 0.02 0.02)
(0.16 0.02 0.02)
(0.18 0.02 0.02)
(0.2 0.02 0.02)
(-0.2 0.04 0.02)
(-0.18 0.04 0.02)
(-0.16 0.04 0.02)
(-0.14 0.04 0.02)
(-0.12 0.04 0.02)
(-0.1 0.04 0.02)
(-0.08 0.04 0.02)
(-0.06 0.04 0.02)
(-0.04 0.04 0.02)
(-0.02 0.04 0.02)
(0 0.04 0.02)
(0.02 0.04 0.02)
(0.04 0.04 0.02)
(0.06 0.04 0.02)
(0.08 0.04 0.02)
(0.1 0.04 0.02)
(0.12 0.04 0.02)
(0.14 0.04 0.02)
(0.16 0.04 0.02)
(0.18 0.04 0.02)
(0.2 0.04 0.02)
(-0.2 0.06 0.02)
(-0.18 0.06 0.02)
(-0.16 0.06 0.02)
(-0.14 0.06 0.02)
(-0.12 0.06 0.02)
(-0.1 0.06 0.02)
(-0.08 0.06 0.02)
(-0.06 0.06 0.02)
(-0.04 0.06 0.02)
(-0.02 0.06 0.02)
(0 0.06 0.02)
(0.02 0.06 0.02)
(0.04 0.06 0.02)
(0.06 0.06 0.02)
(0.08 0.06 0.02)
(0.1 0.06 0.02)
(0.12 0.06 0.02)
(0.14 0.06 0.02)
(0.16 0.06 0.02)
(0.18 0.06 0.02)
(0.2 0.06 0.02)
(-0.2 0.08 0.02)
(-0.18 0.08 0.02)
(-0.16 0.08 0.02)
(-0.14 0.08 0.02)
(-0.12 0.08 0.02)
(-0.1 0.08 0.02)
(-0.08 0.08 0.02)
(-0.06 0.08 0.02)
(-0.04 0.08 0.02)
(-0.02 0.08 0.02)
(0 0.08 0.02)
(0.02 0.08 0.02)
(0.04 0.08 0.02)
(0.06 0.08 0.02)
(0.08 0.08 0.02)
(0.1 0.08 0.02)
(0.12 0.08 0.02)
(0.14 0.08 0.02)
(0.16 0.08 0.02)
(0.18 0.08 0.02)
(0.2 0.08 0.02)
(-0.2 0.1 0.02)
(-0.18 0.1 0.02)
(-0.16 0.1 0.02)
(-0.14 0.1 0.02)
(-0.12 0.1 0.02)
(-0.1 0.1 0.02)
(-0.08 0.1 0.02)
(-0.06 0.1 0.02)
(-0.04 0.1 0.02)
(-0.02 0.1 0.02)
(0 0.1 0.02)
(0.02 0.1 0.02)
(0.04 0.1 0.02)
(0.06 0.1 0.02)
(0.08 0.1 0.02)
(0.1 0.1 0.02)
(0.12 0.1 0.02)
(0.14 0.1 0.02)
(0.16 0.1 0.02)
(0.18 0.1 0.02)
(0.2 0.1 0.02)
(-0.2 -0.1 0.04)
(-0.18 -0.1 0.04)
(-0.16 -0.1 0.04)
(-0.14 -0.1 0.04)
(-0.12 -0.1 0.04)
(-0.1 -0.1 0.04)
(-0.08 -0.1 0.04)
(-0.06 -0.1 0.04)
(-0.04 -0.1 0.04)
(-0.02 -0.1 0.04)
(0 -0.1 0.04)
(0.02 -0.1 0.04)
(0.04 -0.1 0.04)
(0.06 -0.1 0.04)
(0.08 -0.1 0.04)
(0.1 -0.1 0.04)
(0.12 -0.1 0.04)
(0.14 -0.1 0.04)
(0.16 -0.1 0.04)
(0.18 -0.1 0.04)
(0.2 -0.1 0.04)
(-0.2 -0.08 0.04)
(-0.18 -0.08 0.04)
(-0.16 -0.08 0.04)
(-0.14 -0.08 0.04)
(-0.12 -0.08 0.04)
(-0.1 -0.08 0.04)
(-0.08 -0.08 0.04)
(-0.06 -0.08 0.04)
(-0.04 -0.08 0.04)
(-0.02 -0.08 0.04)
(0 -0.08 0.04)
(0.02 -0.08 0.04)
(0.04 -0.08 0.04)
(0.06 -0.08 0.04)
(0.08 -0.08 0.04)
(0.1 -0.08 0.04)
(0.12 -0.08 0.04)
(0.14 -0.08 0.04)
(0.16 -0.08 0.04)
(0.18 -0.08 0.04)
(0.2 -0.08 0.04)
(-0.2 -0.06 0.04)
(-0.18 -0.06 0.04)
(-0.16 -0.06 0.04)
(-0.14 -0.06 0.04)
(-0.12 -0.06 0.04)
(-0.1 -0.06 0.04)
(-0.08 -0.06 0.04)
(-0.06 -0.06 0.04)
(-0.04 -0.06 0.04)
(-0.02 -0.06 0.04)
(0 -0.06 0.04)
(0.02 -0.06 0.04)
(0.04 -0.06 0.04)
(0.06 -0.06 0.04)
(0.08 -0.06 0.04)
(0.1 -0.06 0.04)
(0.12 -0.06 0.04)
(0.14 -0.06 0.04)
(0.16 -0.06 0.04)
(0.18 -0.06 0.04)
(0.2 -0.06 0.04)
(-0.2 -0.04 0.04)
(-0.18 -0.04 0.04)
(-0.16 -0.04 0.04)
(-0.14 -0.04 0.04)
(-0.12 -0.04 0.04)
(-0.1 -0.04 0.04)
(-0.08 -0.04 0.04)
(-0.06 -0.04 0.04)
(-0.04 -0.04 0.04)
(-0.02 -0.04 0.04)
(0 -0.04 0.04)
(0.02 -0.04 0.04)
(0.04 -0.04 0.04)
(0.06 -0.04 0.04)
(0.08 -0.04 0.04)
(0.1 -0.04 0.04)
(0.12 -0.04 0.04)
(0.14 -0.04 0.04)
(0.16 -0.04 0.04)
(0.18 -0.04 0.04)
(0.2 -0.04 0.04)
(-0.2 -0.02 0.04)
(-0.18 -0.02 0.04)
(-0.16 -0.02 0.04)
(-0.14 -0.02 0.04)
(-0.12 -0.02 0.04)
(-0.1 -0.02 0.04)
(-0.08 -0.02 0.04)
(-0.06 -0.02 0.04)
(-0.04 -0.02 0.04)
(-0.02 -0.02 0.04)
(0 -0.02 0.04)
(0.02 -0.02 0.04)
(0.04 -0.02 0.04)
(0.06 -0.02 0.04)
(0.08 -0.02 0.04)
(0.1 -0.02 0.04)
(0.12 -0.02 0.04)
(0.14 -0.02 0.04)
(0.16 -0.02 0.04)
(0.18 -0.02 0.04)
(0.2 -0.02 0.04)
(-0.2 0 0.04)
(-0.18 0 0.04)
(-0.16 0 0.04)
(-0.14 0 0.04)
(-0.12 0 0.04)
(-0.1 0 0.04)
(-0.08 0 0.04)
(-0.06 0 0.04)
(-0.04 0 0.04)
(-0.02 1.850371708e-18 0.04)
(0 0 0.04)
(0.02 0 0.04)
(0.04 0 0.04)
(0.06 0 0.04)
(0.08 0 0.04)
(0.1 0 0.04)
(0.12 0 0.04)
(0.14 0 0.04)
(0.16 1.850371708e-18 0.04)
(0.18 0 0.04)
(0.2 0 0.04)
(-0.2 0.02 0.04)
(-0.18 0.02 0.04)
(-0.16 0.02 0.04)
(-0.14 0.02 0.04)
(-0.12 0.02 0.04)
(-0.1 0.02 0.04)
(-0.08 0.02 0.04)
(-0.06 0.02 0.04)
(-0.04 0.02 0.04)
(-0.02 0.02 0.04)
(0 0.02 0.04)
(0.02 0.02 0.04)
(0.04 0.02 0.04)
(0.06 0.02 0.04)
(0.08 0.02 0.04)
(0.1 0.02 0.04)
(0.12 0.02 0.04)
(0.14 0.02 0.04)
(0.16 0.02 0.04)
(0.18 0.02 0.04)
(0.2 0.02 0.04)
(-0.2 0.04 0.04)
(-0.18 0.04 0.04)
(-0.16 0.04 0.04)
(-0.14 0.04 0.04)
(-0.12 0.04 0.04)
(-0.1 0.04 0.04)
(-0.08 0.04 0.04)
(-0.06 0.04 0.04)
(-0.04 0.04 0.04)
(-0.02 0.04 0.04)
(0 0.04 0.04)
(0.02 0.04 0.04)
(0.04 0.04 0.04)
(0.06 0.04 0.04)
(0.08 0.04 0.04)
(0.1 0.04 0.04)
(0.12 0.04 0.04)
(0.14 0.04 0.04)
(0.16 0.04 0.04)
(0.18 0.04 0.04)
(0.2 0.04 0.04)
(-0.2 0.06 0.04)
(-0.18 0.06 0.04)
(-0.16 0.06 0.04)
(-0.14 0.06 0.04)
(-0.12 0.06 0.04)
(-0.1 0.06 0.04)
(-0.08 0.06 0.04)
(-0.06 0.06 0.04)
(-0.04 0.06 0.04)
(-0.02 0.06 0.04)
(0 0.06 0.04)
(0.02 0.06 0.04)
(0.04 0.06 0.04)
(0.06 0.06 0.04)
(0.08 0.06 0.04)
(0.1 0.06 0.04)
(0.12 0.06 0.04)
(0.14 0.06 0.04)
(0.16 0.06 0.04)
(0.18 0.06 0.04)
(0.2 0.06 0.04)
(-0.2 0.08 0.04)
(-0.18 0.08 0.04)
(-0.16 0.08 0.04)
(-0.14 0.08 0.04)
(-0.12 0.08 0.04)
(-0.1 0.08 0.04)
(-0.08 0.08 0.04)
(-0.06 0.08 0.04)
(-0.04 0.08 0.04)
(-0.02 0.08 0.04)
(0 0.08 0.04)
(0.02 0.08 0.04)
(0.04 0.08 0.04)
(0.06 0.08 0.04)
(0.08 0.08 0.04)
(0.1 0.08 0.04)
(0.12 0.08 0.04)
(0.14 0.08 0.04)
(0.16 0.08 0.04)
(0.18 0.08 0.04)
(0.2 0.08 0.04)
(-0.2 0.1 0.04)
(-0.18 0.1 0.04)
(-0.16 0.1 0.04)
(-0.14 0.1 0.04)
(-0.12 0.1 0.04)
(-0.1 0.1 0.04)
(-0.08 0.1 0.04)
(-0.06 0.1 0.04)
(-0.04 0.1 0.04)
(-0.02 0.1 0.04)
(0 0.1 0.04)
(0.02 0.1 0.04)
(0.04 0.1 0.04)
(0.06 0.1 0.04)
(0.08 0.1 0.04)
(0.1 0.1 0.04)
(0.12 0.1 0.04)
(0.14 0.1 0.04)
(0.16 0.1 0.04)
(0.18 0.1 0.04)
(0.2 0.1 0.04)
(-0.2 -0.1 0.06)
(-0.18 -0.1 0.06)
(-0.16 -0.1 0.06)
(-0.14 -0.1 0.06)
(-0.12 -0.1 0.06)
(-0.1 -0.1 0.06)
(-0.08 -0.1 0.06)
(-0.06 -0.1 0.06)
(-0.04 -0.1 0.06)
(-0.02 -0.1 0.06)
(0 -0.1 0.06)
(0.02 -0.1 0.06)
(0.04 -0.1 0.06)
(0.06 -0.1 0.06)
(0.08 -0.1 0.06)
(0.1 -0.1 0.06)
(0.12 -0.1 0.06)
(0.14 -0.1 0.06)
(0.16 -0.1 0.06)
(0.18 -0.1 0.06)
(0.2 -0.1 0.06)
(-0.2 -0.08 0.06)
(-0.18 -0.08 0.06)
(-0.16 -0.08 0.06)
(-0.14 -0.08 0.06)
(-0.12 -0.08 0.06)
(-0.1 -0.08 0.06)
(-0.08 -0.08 0.06)
(-0.06 -0.08 0.06)
(-0.04 -0.08 0.06)
(-0.02 -0.08 0.06)
(0 -0.08 0.06)
(0.02 -0.08 0.06)
(0.04 -0.08 0.06)
(0.06 -0.08 0.06)
(0.08 -0.08 0.06)
(0.1 -0.08 0.06)
(0.12 -0.08 0.06)
(0.14 -0.08 0.06)
(0.16 -0.08 0.06)
(0.18 -0.08 0.06)
(0.2 -0.08 0.06)
(-0.2 -0.06 0.06)
(-0.18 -0.06 0.06)
(-0.16 -0.06 0.06)
(-0.14 -0.06 0.06)
(-0.12 -0.06 0.06)
(-0.1 -0.06 0.06)
(-0.08 -0.06 0.06)
(-0.06 -0.06 0.06)
(-0.04 -0.06 0.06)
(-0.02 -0.06 0.06)
(0 -0.06 0.06)
(0.02 -0.06 0.06)
(0.04 -0.06 0.06)
(0.06 -0.06 0.06)
(0.08 -0.06 0.06)
(0.1 -0.06 0.06)
(0.12 -0.06 0.06)
(0.14 -0.06 0.06)
(0.16 -0.06 0.06)
(0.18 -0.06 0.06)
(0.2 -0.06 0.06)
(-0.2 -0.04 0.06)
(-0.18 -0.04 0.06)
(-0.16 -0.04 0.06)
(-0.14 -0.04 0.06)
(-0.12 -0.04 0.06)
(-0.1 -0.04 0.06)
(-0.08 -0.04 0.06)
(-0.06 -0.04 0.06)
(-0.04 -0.04 0.06)
(-0.02 -0.04 0.06)
(0 -0.04 0.06)
(0.02 -0.04 0.06)
(0.04 -0.04 0.06)
(0.06 -0.04 0.06)
(0.08 -0.04 0.06)
(0.1 -0.04 0.06)
(0.12 -0.04 0.06)
(0.14 -0.04 0.06)
(0.16 -0.04 0.06)
(0.18 -0.04 0.06)
(0.2 -0.04 0.06)
(-0.2 -0.02 0.06)
(-0.18 -0.02 0.06)
(-0.16 -0.02 0.06)
(-0.14 -0.02 0.06)
(-0.12 -0.02 0.06)
(-0.1 -0.02 0.06)
(-0.08 -0.02 0.06)
(-0.06 -0.02 0.06)
(-0.04 -0.02 0.06)
(-0.02 -0.02 0.06)
(0 -0.02 0.06)
(0.02 -0.02 0.06)
(0.04 -0.02 0.06)
(0.06 -0.02 0.06)
(0.08 -0.02 0.06)
(0.1 -0.02 0.06)
(0.12 -0.02 0.06)
(0.14 -0.02 0.06)
(0.16 -0.02 0.06)
(0.18 -0.02 0.06)
(0.2 -0.02 0.06)
(-0.2 0 0.06)
(-0.18 0 0.06)
(-0.16 0 0.06)
(-0.14 0 0.06)
(-0.12 0 0.06)
(-0.1 0 0.06)
(-0.08 0 0.06)
(-0.06 0 0.06)
(-0.04 0 0.06)
(-0.02 0 0.06)
(0 0 0.06)
(0.02 0 0.06)
(0.04 0 0.06)
(0.06 0 0.06)
(0.08 0 0.06)
(0.1 0 0.06)
(0.12 0 0.06)
(0.14 0 0.06)
(0.16 0 0.06)
(0.18 0 0.06)
(0.2 0 0.06)
(-0.2 0.02 0.06)
(-0.18 0.02 0.06)
(-0.16 0.02 0.06)
(-0.14 0.02 0.06)
(-0.12 0.02 0.06)
(-0.1 0.02 0.06)
(-0.08 0.02 0.06)
(-0.06 0.02 0.06)
(-0.04 0.02 0.06)
(-0.02 0.02 0.06)
(0 0.02 0.06)
(0.02 0.02 0.06)
(0.04 0.02 0.06)
(0.06 0.02 0.06)
(0.08 0.02 0.06)
(0.1 0.02 0.06)
(0.12 0.02 0.06)
(0.14 0.02 0.06)
(0.16 0.02 0.06)
(0.18 0.02 0.06)
(0.2 0.02 0.06)
(-0.2 0.04 0.06)
(-0.18 0.04 0.06)
(-0.16 0.04 0.06)
(-0.14 0.04 0.06)
(-0.12 0.04 0.06)
(-0.1 0.04 0.06)
(-0.08 0.04 0.06)
(-0.06 0.04 0.06)
(-0.04 0.04 0.06)
(-0.02 0.04 0.06)
(0 0.04 0.06)
(0.02 0.04 0.06)
(0.04 0.04 0.06)
(0.06 0.04 0.06)
(0.08 0.04 0.06)
(0.1 0.04 0.06)
(0.12 0.04 0.06)
(0.14 0.04 0.06)
(0.16 0.04 0.06)
(0.18 0.04 0.06)
(0.2 0.04 0.06)
(-0.2 0.06 0.06)
(-0.18 0.06 0.06)
(-0.16 0.06 0.06)
(-0.14 0.06 0.06)
(-0.12 0.06 0.06)
(-0.1 0.06 0.06)
(-0.08 0.06 0.06)
(-0.06 0.06 0.06)
(-0.04 0.06 0.06)
(-0.02 0.06 0.06)
(0 0.06 0.06)
(0.02 0.06 0.06)
(0.04 0.06 0.06)
(0.06 0.06 0.06)
(0.08 0.06 0.06)
(0.1 0.06 0.06)
(0.12 0.06 0.06)
(0.14 0.06 0.06)
(0.16 0.06 0.06)
(0.18 0.06 0.06)
(0.2 0.06 0.06)
(-0.2 0.08 0.06)
(-0.18 0.08 0.06)
(-0.16 0.08 0.06)
(-0.14 0.08 0.06)
(-0.12 0.08 0.06)
(-0.1 0.08 0.06)
(-0.08 0.08 0.06)
(-0.06 0.08 0.06)
(-0.04 0.08 0.06)
(-0.02 0.08 0.06)
(0 0.08 0.06)
(0.02 0.08 0.06)
(0.04 0.08 0.06)
(0.06 0.08 0.06)
(0.08 0.08 0.06)
(0.1 0.08 0.06)
(0.12 0.08 0.06)
(0.14 0.08 0.06)
(0.16 0.08 0.06)
(0.18 0.08 0.06)
(0.2 0.08 0.06)
(-0.2 0.1 0.06)
(-0.18 0.1 0.06)
(-0.16 0.1 0.06)
(-0.14 0.1 0.06)
(-0.12 0.1 0.06)
(-0.1 0.1 0.06)
(-0.08 0.1 0.06)
(-0.06 0.1 0.06)
(-0.04 0.1 0.06)
(-0.02 0.1 0.06)
(0 0.1 0.06)
(0.02 0.1 0.06)
(0.04 0.1 0.06)
(0.06 0.1 0.06)
(0.08 0.1 0.06)
(0.1 0.1 0.06)
(0.12 0.1 0.06)
(0.14 0.1 0.06)
(0.16 0.1 0.06)
(0.18 0.1 0.06)
(0.2 0.1 0.06)
(-0.2 -0.1 0.08)
(-0.18 -0.1 0.08)
(-0.16 -0.1 0.08)
(-0.14 -0.1 0.08)
(-0.12 -0.1 0.08)
(-0.1 -0.1 0.08)
(-0.08 -0.1 0.08)
(-0.06 -0.1 0.08)
(-0.04 -0.1 0.08)
(-0.02 -0.1 0.08)
(0 -0.1 0.08)
(0.02 -0.1 0.08)
(0.04 -0.1 0.08)
(0.06 -0.1 0.08)
(0.08 -0.1 0.08)
(0.1 -0.1 0.08)
(0.12 -0.1 0.08)
(0.14 -0.1 0.08)
(0.16 -0.1 0.08)
(0.18 -0.1 0.08)
(0.2 -0.1 0.08)
(-0.2 -0.08 0.08)
(-0.18 -0.08 0.08)
(-0.16 -0.08 0.08)
(-0.14 -0.08 0.08)
(-0.12 -0.08 0.08)
(-0.1 -0.08 0.08)
(-0.08 -0.08 0.08)
(-0.06 -0.08 0.08)
(-0.04 -0.08 0.08)
(-0.02 -0.08 0.08)
(0 -0.08 0.08)
(0.02 -0.08 0.08)
(0.04 -0.08 0.08)
(0.06 -0.08 0.08)
(0.08 -0.08 0.08)
(0.1 -0.08 0.08)
(0.12 -0.08 0.08)
(0.14 -0.08 0.08)
(0.16 -0.08 0.08)
(0.18 -0.08 0.08)
(0.2 -0.08 0.08)
(-0.2 -0.06 0.08)
(-0.18 -0.06 0.08)
(-0.16 -0.06 0.08)
(-0.14 -0.06 0.08)
(-0.12 -0.06 0.08)
(-0.1 -0.06 0.08)
(-0.08 -0.06 0.08)
(-0.06 -0.06 0.08)
(-0.04 -0.06 0.08)
(-0.02 -0.06 0.08)
(0 -0.06 0.08)
(0.02 -0.06 0.08)
(0.04 -0.06 0.08)
(0.06 -0.06 0.08)
(0.08 -0.06 0.08)
(0.1 -0.06 0.08)
(0.12 -0.06 0.08)
(0.14 -0.06 0.08)
(0.16 -0.06 0.08)
(0.18 -0.06 0.08)
(0.2 -0.06 0.08)
(-0.2 -0.04 0.08)
(-0.18 -0.04 0.08)
(-0.16 -0.04 0.08)
(-0.14 -0.04 0.08)
(-0.12 -0.04 0.08)
(-0.1 -0.04 0.08)
(-0.08 -0.04 0.08)
(-0.06 -0.04 0.08)
(-0.04 -0.04 0.08)
(-0.02 -0.04 0.08)
(0 -0.04 0.08)
(0.02 -0.04 0.08)
(0.04 -0.04 0.08)
(0.06 -0.04 0.08)
(0.08 -0.04 0.08)
(0.1 -0.04 0.08)
(0.12 -0.04 0.08)
(0.14 -0.04 0.08)
(0.16 -0.04 0.08)
(0.18 -0.04 0.08)
(0.2 -0.04 0.08)
(-0.2 -0.02 0.08)
(-0.18 -0.02 0.08)
(-0.16 -0.02 0.08)
(-0.14 -0.02 0.08)
(-0.12 -0.02 0.08)
(-0.1 -0.02 0.08)
(-0.08 -0.02 0.08)
(-0.06 -0.02 0.08)
(-0.04 -0.02 0.08)
(-0.02 -0.02 0.08)
(0 -0.02 0.08)
(0.02 -0.02 0.08)
(0.04 -0.02 0.08)
(0.06 -0.02 0.08)
(0.08 -0.02 0.08)
(0.1 -0.02 0.08)
(0.12 -0.02 0.08)
(0.14 -0.02 0.08)
(0.16 -0.02 0.08)
(0.18 -0.02 0.08)
(0.2 -0.02 0.08)
(-0.2 0 0.08)
(-0.18 0 0.08)
(-0.16 0 0.08)
(-0.14 0 0.08)
(-0.12 0 0.08)
(-0.1 0 0.08)
(-0.08 0 0.08)
(-0.06 0 0.08)
(-0.04 0 0.08)
(-0.02 0 0.08)
(0 0 0.08)
(0.02 0 0.08)
(0.04 0 0.08)
(0.06 0 0.08)
(0.08 0 0.08)
(0.1 0 0.08)
(0.12 0 0.08)
(0.14 0 0.08)
(0.16 0 0.08)
(0.18 0 0.08)
(0.2 0 0.08)
(-0.2 0.02 0.08)
(-0.18 0.02 0.08)
(-0.16 0.02 0.08)
(-0.14 0.02 0.08)
(-0.12 0.02 0.08)
(-0.1 0.02 0.08)
(-0.08 0.02 0.08)
(-0.06 0.02 0.08)
(-0.04 0.02 0.08)
(-0.02 0.02 0.08)
(0 0.02 0.08)
(0.02 0.02 0.08)
(0.04 0.02 0.08)
(0.06 0.02 0.08)
(0.08 0.02 0.08)
(0.1 0.02 0.08)
(0.12 0.02 0.08)
(0.14 0.02 0.08)
(0.16 0.02 0.08)
(0.18 0.02 0.08)
(0.2 0.02 0.08)
(-0.2 0.04 0.08)
(-0.18 0.04 0.08)
(-0.16 0.04 0.08)
(-0.14 0.04 0.08)
(-0.12 0.04 0.08)
(-0.1 0.04 0.08)
(-0.08 0.04 0.08)
(-0.06 0.04 0.08)
(-0.04 0.04 0.08)
(-0.02 0.04 0.08)
(0 0.04 0.08)
(0.02 0.04 0.08)
(0.04 0.04 0.08)
(0.06 0.04 0.08)
(0.08 0.04 0.08)
(0.1 0.04 0.08)
(0.12 0.04 0.08)
(0.14 0.04 0.08)
(0.16 0.04 0.08)
(0.18 0.04 0.08)
(0.2 0.04 0.08)
(-0.2 0.06 0.08)
(-0.18 0.06 0.08)
(-0.16 0.06 0.08)
(-0.14 0.06 0.08)
(-0.12 0.06 0.08)
(-0.1 0.06 0.08)
(-0.08 0.06 0.08)
(-0.06 0.06 0.08)
(-0.04 0.06 0.08)
(-0.02 0.06 0.08)
(0 0.06 0.08)
(0.02 0.06 0.08)
(0.04 0.06 0.08)
(0.06 0.06 0.08)
(0.08 0.06 0.08)
(0.1 0.06 0.08)
(0.12 0.06 0.08)
(0.14 0.06 0.08)
(0.16 0.06 0.08)
(0.18 0.06 0.08)
(0.2 0.06 0.08)
(-0.2 0.08 0.08)
(-0.18 0.08 0.08)
(-0.16 0.08 0.08)
(-0.14 0.08 0.08)
(-0.12 0.08 0.08)
(-0.1 0.08 0.08)
(-0.08 0.08 0.08)
(-0.06 0.08 0.08)
(-0.04 0.08 0.08)
(-0.02 0.08 0.08)
(0 0.08 0.08)
(0.02 0.08 0.08)
(0.04 0.08 0.08)
(0.06 0.08 0.08)
(0.08 0.08 0.08)
(0.1 0.08 0.08)
(0.12 0.08 0.08)
(0.14 0.08 0.08)
(0.16 0.08 0.08)
(0.18 0.08 0.08)
(0.2 0.08 0.08)
(-0.2 0.1 0.08)
(-0.18 0.1 0.08)
(-0.16 0.1 0.08)
(-0.14 0.1 0.08)
(-0.12 0.1 0.08)
(-0.1 0.1 0.08)
(-0.08 0.1 0.08)
(-0.06 0.1 0.08)
(-0.04 0.1 0.08)
(-0.02 0.1 0.08)
(0 0.1 0.08)
(0.02 0.1 0.08)
(0.04 0.1 0.08)
(0.06 0.1 0.08)
(0.08 0.1 0.08)
(0.1 0.1 0.08)
(0.12 0.1 0.08)
(0.14 0.1 0.08)
(0.16 0.1 0.08)
(0.18 0.1 0.08)
(0.2 0.1 0.08)
(-0.2 -0.1 0.1)
(-0.18 -0.1 0.1)
(-0.16 -0.1 0.1)
(-0.14 -0.1 0.1)
(-0.12 -0.1 0.1)
(-0.1 -0.1 0.1)
(-0.08 -0.1 0.1)
(-0.06 -0.1 0.1)
(-0.04 -0.1 0.1)
(-0.02 -0.1 0.1)
(0 -0.1 0.1)
(0.02 -0.1 0.1)
(0.04 -0.1 0.1)
(0.06 -0.1 0.1)
(0.08 -0.1 0.1)
(0.1 -0.1 0.1)
(0.12 -0.1 0.1)
(0.14 -0.1 0.1)
(0.16 -0.1 0.1)
(0.18 -0.1 0.1)
(0.2 -0.1 0.1)
(-0.2 -0.08 0.1)
(-0.18 -0.08 0.1)
(-0.16 -0.08 0.1)
(-0.14 -0.08 0.1)
(-0.12 -0.08 0.1)
(-0.1 -0.08 0.1)
(-0.08 -0.08 0.1)
(-0.06 -0.08 0.1)
(-0.04 -0.08 0.1)
(-0.02 -0.08 0.1)
(0 -0.08 0.1)
(0.02 -0.08 0.1)
(0.04 -0.08 0.1)
(0.06 -0.08 0.1)
(0.08 -0.08 0.1)
(0.1 -0.08 0.1)
(0.12 -0.08 0.1)
(0.14 -0.08 0.1)
(0.16 -0.08 0.1)
(0.18 -0.08 0.1)
(0.2 -0.08 0.1)
(-0.2 -0.06 0.1)
(-0.18 -0.06 0.1)
(-0.16 -0.06 0.1)
(-0.14 -0.06 0.1)
(-0.12 -0.06 0.1)
(-0.1 -0.06 0.1)
(-0.08 -0.06 0.1)
(-0.06 -0.06 0.1)
(-0.04 -0.06 0.1)
(-0.02 -0.06 0.1)
(0 -0.06 0.1)
(0.02 -0.06 0.1)
(0.04 -0.06 0.1)
(0.06 -0.06 0.1)
(0.08 -0.06 0.1)
(0.1 -0.06 0.1)
(0.12 -0.06 0.1)
(0.14 -0.06 0.1)
(0.16 -0.06 0.1)
(0.18 -0.06 0.1)
(0.2 -0.06 0.1)
(-0.2 -0.04 0.1)
(-0.18 -0.04 0.1)
(-0.16 -0.04 0.1)
(-0.14 -0.04 0.1)
(-0.12 -0.04 0.1)
(-0.1 -0.04 0.1)
(-0.08 -0.04 0.1)
(-0.06 -0.04 0.1)
(-0.04 -0.04 0.1)
(-0.02 -0.04 0.1)
(0 -0.04 0.1)
(0.02 -0.04 0.1)
(0.04 -0.04 0.1)
(0.06 -0.04 0.1)
(0.08 -0.04 0.1)
(0.1 -0.04 0.1)
(0.12 -0.04 0.1)
(0.14 -0.04 0.1)
(0.16 -0.04 0.1)
(0.18 -0.04 0.1)
(0.2 -0.04 0.1)
(-0.2 -0.02 0.1)
(-0.18 -0.02 0.1)
(-0.16 -0.02 0.1)
(-0.14 -0.02 0.1)
(-0.12 -0.02 0.1)
(-0.1 -0.02 0.1)
(-0.08 -0.02 0.1)
(-0.06 -0.02 0.1)
(-0.04 -0.02 0.1)
(-0.02 -0.02 0.1)
(0 -0.02 0.1)
(0.02 -0.02 0.1)
(0.04 -0.02 0.1)
(0.06 -0.02 0.1)
(0.08 -0.02 0.1)
(0.1 -0.02 0.1)
(0.12 -0.02 0.1)
(0.14 -0.02 0.1)
(0.16 -0.02 0.1)
(0.18 -0.02 0.1)
(0.2 -0.02 0.1)
(-0.2 0 0.1)
(-0.18 0 0.1)
(-0.16 0 0.1)
(-0.14 0 0.1)
(-0.12 0 0.1)
(-0.1 0 0.1)
(-0.08 0 0.1)
(-0.06 0 0.1)
(-0.04 0 0.1)
(-0.02 0 0.1)
(0 0 0.1)
(0.02 0 0.1)
(0.04 0 0.1)
(0.06 0 0.1)
(0.08 0 0.1)
(0.1 0 0.1)
(0.12 0 0.1)
(0.14 0 0.1)
(0.16 0 0.1)
(0.18 0 0.1)
(0.2 0 0.1)
(-0.2 0.02 0.1)
(-0.18 0.02 0.1)
(-0.16 0.02 0.1)
(-0.14 0.02 0.1)
(-0.12 0.02 0.1)
(-0.1 0.02 0.1)
(-0.08 0.02 0.1)
(-0.06 0.02 0.1)
(-0.04 0.02 0.1)
(-0.02 0.02 0.1)
(0 0.02 0.1)
(0.02 0.02 0.1)
(0.04 0.02 0.1)
(0.06 0.02 0.1)
(0.08 0.02 0.1)
(0.1 0.02 0.1)
(0.12 0.02 0.1)
(0.14 0.02 0.1)
(0.16 0.02 0.1)
(0.18 0.02 0.1)
(0.2 0.02 0.1)
(-0.2 0.04 0.1)
(-0.18 0.04 0.1)
(-0.16 0.04 0.1)
(-0.14 0.04 0.1)
(-0.12 0.04 0.1)
(-0.1 0.04 0.1)
(-0.08 0.04 0.1)
(-0.06 0.04 0.1)
(-0.04 0.04 0.1)
(-0.02 0.04 0.1)
(0 0.04 0.1)
(0.02 0.04 0.1)
(0.04 0.04 0.1)
(0.06 0.04 0.1)
(0.08 0.04 0.1)
(0.1 0.04 0.1)
(0.12 0.04 0.1)
(0.14 0.04 0.1)
(0.16 0.04 0.1)
(0.18 0.04 0.1)
(0.2 0.04 0.1)
(-0.2 0.06 0.1)
(-0.18 0.06 0.1)
(-0.16 0.06 0.1)
(-0.14 0.06 0.1)
(-0.12 0.06 0.1)
(-0.1 0.06 0.1)
(-0.08 0.06 0.1)
(-0.06 0.06 0.1)
(-0.04 0.06 0.1)
(-0.02 0.06 0.1)
(0 0.06 0.1)
(0.02 0.06 0.1)
(0.04 0.06 0.1)
(0.06 0.06 0.1)
(0.08 0.06 0.1)
(0.1 0.06 0.1)
(0.12 0.06 0.1)
(0.14 0.06 0.1)
(0.16 0.06 0.1)
(0.18 0.06 0.1)
(0.2 0.06 0.1)
(-0.2 0.08 0.1)
(-0.18 0.08 0.1)
(-0.16 0.08 0.1)
(-0.14 0.08 0.1)
(-0.12 0.08 0.1)
(-0.1 0.08 0.1)
(-0.08 0.08 0.1)
(-0.06 0.08 0.1)
(-0.04 0.08 0.1)
(-0.02 0.08 0.1)
(0 0.08 0.1)
(0.02 0.08 0.1)
(0.04 0.08 0.1)
(0.06 0.08 0.1)
(0.08 0.08 0.1)
(0.1 0.08 0.1)
(0.12 0.08 0.1)
(0.14 0.08 0.1)
(0.16 0.08 0.1)
(0.18 0.08 0.1)
(0.2 0.08 0.1)
(-0.2 0.1 0.1)
(-0.18 0.1 0.1)
(-0.16 0.1 0.1)
(-0.14 0.1 0.1)
(-0.12 0.1 0.1)
(-0.1 0.1 0.1)
(-0.08 0.1 0.1)
(-0.06 0.1 0.1)
(-0.04 0.1 0.1)
(-0.02 0.1 0.1)
(0 0.1 0.1)
(0.02 0.1 0.1)
(0.04 0.1 0.1)
(0.06 0.1 0.1)
(0.08 0.1 0.1)
(0.1 0.1 0.1)
(0.12 0.1 0.1)
(0.14 0.1 0.1)
(0.16 0.1 0.1)
(0.18 0.1 0.1)
(0.2 0.1 0.1)
)


// ************************************************************************* //
